time,Name,Location_X,Location_Y,Location_Angle,Part_X,Part_Y,Part_Size,Reel_Name,Nozzle_Type1,Nozzle_Type2,Feeder_qty,Size_X,Size_Y,Machine No,Table,FeederNum,Nozzle_Using
1681363688069,31412000,119,285,0,6.865,24.1,165.4465,11200002,150,200,174,499,399,1,1,41,150
1681363688069,31413000,392,366,270,7.094,41.865,296.99031,11900030,250,300,174,499,399,1,1,136,250
1681363688069,312061,463,130,270,39.7,11.25,446.625,112500065,400,450,174,499,399,1,2,161,400
1681363688069,312005,381,386,270,41.4,12.3,509.22,111000053,500,550,174,497,398,1,1,133,500
1681363688069,312005,144,18,270,41.4,12.3,509.22,111000053,500,550,174,497,398,1,2,50,500
1681363688069,312005,17,364,270,41.4,12.3,509.22,111000053,500,550,174,499,399,1,1,132,500
1681363688069,312066,497,391,90,38.35,15.1,579.085,11300048,550,600,174,497,398,1,1,174,550
1681363688069,312067,423,303,90,39.35,15.1,594.185,11400049,550,600,174,497,398,1,1,148,550
1681363688069,312001,180,102,90,47.95,11.6,556.22,111000013,550,600,174,497,398,1,2,63,550
1681363688069,312001,483,112,90,47.95,11.6,556.22,111000013,550,600,174,497,398,1,2,62,550
1681363688069,312039,393,212,90,41.35,14.3,591.305,11300047,550,600,174,497,399,1,1,137,550
1681363688069,312039,50,3,90,41.35,14.3,591.305,11300047,550,600,174,499,399,1,2,17,550
1681363688069,312034,452,63,0,20.75,27.65,573.7375,11200006,550,600,174,499,399,1,2,157,550
1681363688069,312008,391,121,90,45.05,12.3,554.115,111100054,550,600,174,499,399,1,2,136,550
1681363688069,2112000,48,129,0,43.096,13.631,587.441576,111800053,550,600,174,499,399,1,2,16,550
1681363688069,312000,252,176,90,48.95,11.6,567.82,11900012,550,600,174,499,399,1,2,87,550
1681363688069,312000,60,197,90,48.95,11.6,567.82,11900012,550,600,174,499,399,1,2,86,550
1681363688069,312008,495,44,90,45.05,12.3,554.115,111100054,550,600,174,499,399,1,2,135,550
1681363688069,312000,205,42,90,48.95,11.6,567.82,11900012,550,600,174,499,399,1,2,86,550
1681363688069,2112000,109,199,0,43.096,13.631,587.441576,111800053,550,600,174,499,399,1,2,15,550
1681363688069,312039,387,132,90,41.35,14.3,591.305,11300047,550,600,174,499,399,1,2,16,550
1681363688069,312066,398,179,90,38.35,15.1,579.085,11300048,550,600,174,499,399,1,2,138,550
1681363688069,312039,94,334,90,41.35,14.3,591.305,11300047,550,600,174,499,399,1,1,136,550
1681363688069,312000,282,229,90,48.95,11.6,567.82,11900012,550,600,174,499,399,1,1,98,550
1681363688069,312066,288,367,90,38.35,15.1,579.085,11300048,550,600,174,499,399,1,1,173,550
1681363688069,189029,1,132,90,60.95,10.25,624.7375,112200055,600,650,174,473,398,1,2,1,600
1681363688069,1212012,96,65,180,22.85,27.65,631.8025,112500044,600,650,174,473,398,1,2,35,600
1681363688069,189028,137,50,180,64.15,9.85,631.8775,112100054,600,650,174,497,398,1,2,47,600
1681363688069,39030,127,315,180,72,8.7,626.4,111600035,600,650,174,499,399,1,1,44,600
1681363688069,312036,116,219,270,20.6,30.45,627.27,112600065,600,650,174,499,399,1,1,40,600
1681363688069,312036,43,120,270,20.6,30.45,627.27,112600065,600,650,174,499,399,1,2,14,600
1681363688069,312031,8,193,90,21.6,27.9,602.64,112600025,600,650,174,499,399,1,2,2,600
1681363688069,189029,208,344,90,60.95,10.25,624.7375,112200055,600,650,174,499,399,1,1,72,600
1681363688069,312031,130,206,90,21.6,27.9,602.64,112600025,600,650,174,499,399,1,1,45,600
1681363688069,312041,189,136,0,46.35,14.85,688.2975,11500049,650,700,174,474,398,1,2,69,650
1681363688069,312041,24,126,0,46.35,14.85,688.2975,11500049,650,700,174,497,398,1,2,68,650
1681363688069,312025,207,260,90,24.3,27.9,677.97,112400023,650,700,174,497,398,1,1,72,650
1681363688069,312046,345,242,90,40.35,16.75,675.8625,111000054,650,700,174,497,398,1,1,120,650
1681363688069,312046,244,381,90,40.35,16.75,675.8625,111000054,650,700,174,499,399,1,1,119,650
1681363688069,312025,433,367,90,24.3,27.9,677.97,112400023,650,700,174,499,399,1,1,72,650
1681363688069,312046,192,254,90,40.35,16.75,675.8625,111000054,650,700,174,499,399,1,1,119,650
1681363688069,312030,318,50,90,22.6,30.45,688.17,112200062,650,700,174,499,399,1,2,110,650
1681363688069,312030,367,368,90,22.6,30.45,688.17,112200062,650,700,174,499,399,1,1,127,650
1681363688069,312046,223,338,90,40.35,16.75,675.8625,111000054,650,700,174,499,399,1,1,119,650
1681363688069,312041,458,161,0,46.35,14.85,688.2975,11500049,650,700,174,499,399,1,2,68,650
1681363688069,312056,325,122,90,39.35,18.55,729.9425,111800060,700,750,174,325,122,1,1,172,700
1681363688069,312056,123,390,90,39.35,18.55,729.9425,111800060,700,750,174,472,398,1,1,172,700
1681363688069,2412001,347,37,180,25.65,27.85,714.3525,11200040,700,750,174,497,398,1,2,121,700
1681363688069,1812009,220,321,0,24.675,29.5,727.9125,112200050,700,750,174,497,398,1,1,77,700
1681363688069,312056,177,169,90,39.35,18.55,729.9425,111800060,700,750,174,497,398,1,2,61,700
1681363688069,179006,118,324,270,60.45,12.1,731.445,111300041,700,750,174,497,398,1,1,41,700
1681363688069,179006,303,371,270,60.45,12.1,731.445,111300041,700,750,174,499,399,1,1,41,700
1681363688069,1812009,86,392,0,24.675,29.5,727.9125,112200050,700,750,174,499,399,1,1,76,700
1681363688069,1812009,243,324,0,24.675,29.5,727.9125,112200050,700,750,174,499,399,1,1,76,700
1681363688069,312056,359,218,90,39.35,18.55,729.9425,111800060,700,750,174,499,399,1,1,172,700
1681363688069,1812009,475,282,0,24.675,29.5,727.9125,112200050,700,750,174,499,399,1,1,76,700
1681363688069,1812009,30,99,0,24.675,29.5,727.9125,112200050,700,750,174,499,399,1,2,10,700
1681363688069,312059,259,320,90,40.35,18.55,748.4925,112200063,700,750,174,499,399,1,1,90,700
1681363688069,61212001,30,123,270,27.9,27.65,771.435,11100023,750,800,174,497,398,1,2,10,750
1681363688069,312027,157,317,90,42.85,18.2,779.87,111800059,750,800,174,497,398,1,1,54,750
1681363688069,312045,115,393,270,38.35,20.25,776.5875,11900053,750,800,174,497,399,1,1,38,750
1681363688069,312024,457,321,90,43.85,18.2,798.07,111600058,750,800,174,499,399,1,1,159,750
1681363688069,179005,362,94,0,64.15,12.4,795.46,111200040,750,800,174,499,399,1,2,126,750
1681363688069,2112002,484,248,90,39.58,19.275,762.9045,112100055,750,800,174,499,399,1,1,168,750
1681363688069,312042,379,393,270,39.35,20.25,796.8375,11600050,750,800,174,499,399,1,1,132,750
1681363688069,312045,463,19,270,38.35,20.25,776.5875,11900053,750,800,174,499,399,1,2,161,750
1681363688069,179005,159,332,0,64.15,12.4,795.46,111200040,750,800,174,499,399,1,1,55,750
1681363688069,312045,233,23,270,38.35,20.25,776.5875,11900053,750,800,174,499,399,1,2,161,750
1681363688069,61212001,326,142,270,27.9,27.65,771.435,11100023,750,800,174,499,399,1,2,10,750
1681363688069,312022,32,117,90,42.45,20,849,111400057,800,850,174,497,398,1,2,11,800
1681363688069,49003,135,178,90,58.9,14.35,845.215,112200040,800,850,174,497,398,1,2,47,800
1681363688069,313061,372,374,180,25.25,31.9,805.475,111600019,800,850,174,497,398,1,1,130,800
1681363688069,312043,430,307,270,40.35,20.25,817.0875,11700051,800,850,174,499,399,1,1,149,800
1681363688069,312043,210,248,270,40.35,20.25,817.0875,11700051,800,850,174,499,399,1,1,148,800
1681363688069,312043,40,25,270,40.35,20.25,817.0875,11700051,800,850,174,499,399,1,2,13,800
1681363688069,312043,379,321,270,40.35,20.25,817.0875,11700051,800,850,174,499,399,1,1,148,800
1681363688069,312080,364,104,90,30.75,26.45,813.3375,11500009,800,850,174,499,399,1,2,126,800
1681363688069,312033,94,17,90,41.45,19.95,826.9275,112400063,800,850,174,499,399,1,2,32,800
1681363688069,312012,336,102,180,37.8,21.4,808.92,111200015,800,850,174,499,399,1,2,117,800
1681363688069,31411001,107,69,270,8.743,96.096,840.167328,11100001,800,850,174,499,399,1,2,37,800
1681363688069,312012,306,261,180,37.8,21.4,808.92,111200015,800,850,174,499,399,1,1,106,800
1681363688069,9312000,63,61,90,44.15,18.2,803.53,11200025,800,850,174,499,399,1,2,21,800
1681363688069,312022,473,248,90,42.45,20,849,111400057,800,850,174,499,399,1,1,164,800
1681363688069,312033,113,48,90,41.45,19.95,826.9275,112400063,800,850,174,499,399,1,2,31,800
1681363688069,312080,345,288,90,30.75,26.45,813.3375,11500009,800,850,174,499,399,1,1,120,800
1681363688069,9312000,12,375,90,44.15,18.2,803.53,11200025,800,850,174,499,399,1,1,4,800
1681363688069,313062,234,357,180,22.7,38.75,879.625,111800020,850,900,174,499,399,1,1,81,850
1681363688069,312085,257,149,90,33.85,27.55,932.5675,11700011,900,950,174,497,398,1,2,89,900
1681363688069,312026,186,50,180,53.45,17.65,943.3925,112500024,900,950,174,497,398,1,2,65,900
1681363688069,1812008,141,198,0,51.65,17.65,911.6225,112100049,900,950,174,499,399,1,2,49,900
1681363688069,312026,357,234,180,53.45,17.65,943.3925,112500024,900,950,174,499,399,1,1,124,900
1681363688069,312085,140,80,90,33.85,27.55,932.5675,11700011,900,950,174,499,399,1,2,88,900
1681363688069,939006,99,182,180,76,12.65,961.4,111300036,950,1000,174,497,398,1,2,34,950
1681363688069,31414001,41,115,0,6.865,140.2,962.473,111000031,950,1000,174,499,399,1,2,14,950
1681363688069,313067,314,189,180,22.05,44.35,977.9175,112200023,950,1000,174,499,399,1,2,109,950
1681363688069,312038,62,343,90,40,23.85,954,11200046,950,1000,174,499,399,1,1,21,950
1681363688069,312038,70,155,90,40,23.85,954,11200046,950,1000,174,499,399,1,2,24,950
1681363688069,312064,317,21,90,42,23.6,991.2,11200047,950,1000,174,499,399,1,2,110,950
1681363688069,202116004,458,188,270,36.4,26.7,971.88,111600052,950,1000,174,499,399,1,2,159,950
1681363688069,312064,461,272,90,42,23.6,991.2,11200047,950,1000,174,499,399,1,1,160,950
1681363688069,312048,71,262,90,44.15,23.6,1041.94,111200056,1000,1050,174,497,398,1,1,24,1000
1681363688069,312047,200,373,90,43.15,23.6,1018.34,111100055,1000,1050,174,499,399,1,1,69,1000
1681363688069,312029,396,92,0,49.65,21.05,1045.1325,112100061,1000,1050,174,499,399,1,2,138,1000
1681363688069,312029,337,37,0,49.65,21.05,1045.1325,112100061,1000,1050,174,499,399,1,2,138,1000
1681363688069,31414000,464,379,0,6.865,151.7,1041.4205,11300003,1000,1050,174,499,399,1,1,161,1000
1681363688069,31414000,116,245,0,6.865,151.7,1041.4205,11300003,1000,1050,174,499,399,1,1,160,1000
1681363688069,2112001,329,73,0,45.225,22.769,1029.728025,111900054,1000,1050,174,499,399,1,2,114,1000
1681363688069,2112001,231,333,0,45.225,22.769,1029.728025,111900054,1000,1050,174,499,399,1,1,80,1000
1681363688069,312047,347,307,90,43.15,23.6,1018.34,111100055,1000,1050,174,499,399,1,1,68,1000
1681363688069,312018,183,2,90,52.6,20.7,1088.82,111800019,1050,1100,174,497,398,1,2,64,1050
1681363688069,312018,371,357,90,52.6,20.7,1088.82,111800019,1050,1100,174,499,399,1,1,129,1050
1681363688069,312018,387,125,90,52.6,20.7,1088.82,111800019,1050,1100,174,499,399,1,2,63,1050
1681363688069,312020,124,129,90,50.35,21.35,1074.9725,112100021,1050,1100,174,499,399,1,2,43,1050
1681363688069,312021,60,317,0,50.3,22.5,1131.75,111300056,1100,1150,174,497,398,1,1,21,1100
1681363688069,31029,405,42,0,21.05,53.65,1129.3325,111800056,1100,1150,174,497,399,1,2,141,1100
1681363688069,31028,249,347,0,21.05,52.65,1108.2825,111600055,1100,1150,174,499,399,1,1,86,1100
1681363688069,61213000,264,133,180,30.45,37.75,1149.4875,11200024,1100,1150,174,499,399,1,2,92,1100
1681363688069,312065,440,273,270,45.45,24.8,1127.16,11300007,1100,1150,174,499,399,1,1,153,1100
1681363688069,31029,273,73,0,21.05,53.65,1129.3325,111800056,1100,1150,174,499,399,1,2,140,1100
1681363688069,312065,65,373,270,45.45,24.8,1127.16,11300007,1100,1150,174,499,399,1,1,152,1100
1681363688069,312065,88,34,270,45.45,24.8,1127.16,11300007,1100,1150,174,499,399,1,2,30,1100
1681363688069,31028,382,68,0,21.05,52.65,1108.2825,111600055,1100,1150,174,499,399,1,2,133,1100
1681363688069,312023,459,318,180,47.75,24.625,1175.84375,112200022,1150,1200,174,474,398,1,1,168,1150
1681363688069,312023,76,357,180,47.75,24.625,1175.84375,112200022,1150,1200,174,499,399,1,1,168,1150
1681363688069,311093,235,251,180,30.7,37.775,1159.6925,11700050,1150,1200,174,499,399,1,1,81,1150
1681363688069,312032,157,309,270,49.7,24.8,1232.56,11100005,1200,1250,174,499,399,1,1,52,1200
1681363688069,31031,125,193,180,24.85,49.4,1227.59,112100058,1200,1250,174,499,399,1,2,43,1200
1681363688069,312028,137,53,90,47.55,26.65,1267.2075,111900060,1250,1300,174,497,398,1,2,45,1250
1681363688069,1212011,465,191,180,51.95,24.3,1262.385,112400043,1250,1300,174,499,399,1,2,162,1250
1681363688069,1212011,225,115,180,51.95,24.3,1262.385,112400043,1250,1300,174,499,399,1,2,162,1250
1681363688069,189041,239,143,90,77.5,16.85,1305.875,112400056,1300,1350,174,497,398,1,2,83,1300
1681363688069,189041,362,197,90,77.5,16.85,1305.875,112400056,1300,1350,174,499,399,1,2,82,1300
1681363688069,413001,413,280,180,36,36.75,1323,111900038,1300,1350,174,499,399,1,1,144,1300
1681363688069,189041,68,386,90,77.5,16.85,1305.875,112400056,1300,1350,174,499,399,1,1,23,1300
1681363688069,1813010,81,19,90,45.2,30.8,1392.16,11200034,1350,1400,174,497,398,1,2,28,1350
1681363688069,311070,184,388,90,15,93.261,1398.915,112100060,1350,1400,174,499,399,1,1,64,1350
1681363688069,311070,444,105,90,15,93.261,1398.915,112100060,1350,1400,174,499,399,1,2,154,1350
1681363688069,1813010,9,289,90,45.2,30.8,1392.16,11200034,1350,1400,174,499,399,1,1,3,1350
1681363688069,311070,388,80,90,15,93.261,1398.915,112100060,1350,1400,174,499,399,1,2,153,1350
1681363688069,311070,96,193,90,15,93.261,1398.915,112100060,1350,1400,174,499,399,1,2,153,1350
1681363688069,413000,400,79,180,36,38.75,1395,111800037,1350,1400,174,499,399,1,2,139,1350
1681363688069,311094,136,174,270,33.15,41.45,1374.0675,11800051,1350,1400,174,499,399,1,2,44,1350
1681363688069,1813018,243,337,90,62.45,22.8,1423.86,11900041,1400,1450,174,497,398,1,1,85,1400
1681363688069,1813018,470,397,90,62.45,22.8,1423.86,11900041,1400,1450,174,499,399,1,1,84,1400
1681363688069,1813018,83,151,90,62.45,22.8,1423.86,11900041,1400,1450,174,499,399,1,2,28,1400
1681363688069,1813015,101,249,270,48.2,30.8,1484.56,11600038,1450,1500,174,499,399,1,1,35,1450
1681363688069,1813029,61,255,270,44.05,34.35,1513.1175,111300045,1500,1550,174,473,398,1,1,19,1500
1681363688069,1813008,94,107,90,49.2,30.8,1515.36,112600053,1500,1550,174,497,398,1,2,32,1500
1681363688069,1813007,484,220,90,50.2,30.8,1546.16,112500052,1500,1550,174,497,398,1,1,169,1500
1681363688069,1813101,79,199,90,66.45,22.8,1515.06,111000044,1500,1550,174,499,399,1,2,27,1500
1681363688069,31083,61,347,180,24.7,61.2,1511.64,11500046,1500,1550,174,499,399,1,1,18,1500
1681363688069,1813019,346,48,90,67.45,22.8,1537.86,111000042,1500,1550,174,499,399,1,2,120,1500
1681363688069,1813008,325,81,90,49.2,30.8,1515.36,112600053,1500,1550,174,499,399,1,2,32,1500
1681363688069,1813033,385,224,180,60.7,26.25,1593.375,111800048,1550,1600,174,497,398,1,1,134,1550
1681363688069,311004,206,365,0,21.7,72.65,1576.505,11100043,1550,1600,174,497,398,1,1,70,1550
1681363688069,311004,150,261,0,21.7,72.65,1576.505,11100043,1550,1600,174,499,399,1,1,70,1550
1681363688069,1813032,68,27,90,63.95,24.6,1573.17,111600047,1550,1600,174,499,399,1,2,23,1550
1681363688069,1813107,491,19,90,51.2,30.8,1576.96,111400048,1550,1600,174,499,399,1,2,171,1550
1681363688069,1813033,258,219,180,60.7,26.25,1593.375,111800048,1550,1600,174,499,399,1,1,133,1550
1681363688069,1815042,426,326,0,23.75,68.45,1625.6875,11900044,1600,1650,174,497,398,1,1,149,1600
1681363688069,311077,74,278,180,14.6,112.05,1635.93,112500063,1600,1650,174,497,398,1,1,25,1600
1681363688069,311000,404,166,180,39.15,41.5,1624.725,112200060,1600,1650,174,497,399,1,2,141,1600
1681363688069,1813092,44,13,270,71.45,22.8,1629.06,11100035,1600,1650,174,499,399,1,2,17,1600
1681363688069,1813096,96,395,270,70.45,22.8,1606.26,11500039,1600,1650,174,499,399,1,1,33,1600
1681363688069,1815042,261,210,0,23.75,68.45,1625.6875,11900044,1600,1650,174,499,399,1,1,149,1600
1681363688069,1813043,427,367,90,67.95,24.6,1671.57,112200051,1650,1700,174,472,398,1,1,157,1650
1681363688069,313056,133,143,180,60.7,27.85,1690.495,111100015,1650,1700,174,497,398,1,2,41,1650
1681363688069,1813041,208,325,90,68.95,24.6,1696.17,112100050,1650,1700,174,497,398,1,1,73,1650
1681363688069,1813041,339,353,90,68.95,24.6,1696.17,112100050,1650,1700,174,499,399,1,1,73,1650
1681363688069,1813043,423,391,90,67.95,24.6,1671.57,112200051,1650,1700,174,499,399,1,1,156,1650
1681363688069,1813073,187,251,0,74.85,22.2,1661.67,111600048,1650,1700,174,499,399,1,1,65,1650
1681363688069,9313001,482,233,180,48.35,36.15,1747.8525,11400027,1700,1750,174,499,399,1,1,166,1700
1681363688069,31087,247,222,0,29.4,59.9,1761.06,11900050,1750,1800,174,497,399,1,1,86,1750
1681363688069,1813097,176,385,270,71.95,24.6,1769.97,11600040,1750,1800,174,499,399,1,1,61,1750
1681363688069,311005,176,14,180,26.4,70,1848,11200044,1800,1850,174,497,399,1,2,61,1800
1681363688069,311005,135,98,180,26.4,70,1848,11200044,1800,1850,174,499,399,1,2,61,1800
1681363688069,1813023,165,372,270,44.3,41.35,1831.805,111200044,1800,1850,174,499,399,1,1,57,1800
1681363688069,31089,428,177,180,28.75,65.1,1871.625,111100052,1850,1900,174,499,399,1,2,149,1850
1681363688069,2113002,149,25,0,69.525,27.195,1890.732375,112600059,1850,1900,174,499,399,1,2,51,1850
1681363688069,31088,245,296,0,29.4,63,1852.2,111000051,1850,1900,174,499,399,1,1,83,1850
1681363688069,311006,293,3,270,41.9,45.2,1893.88,11300045,1850,1900,174,499,399,1,2,102,1850
1681363688069,31089,338,153,180,28.75,65.1,1871.625,111100052,1850,1900,174,499,399,1,2,148,1850
1681363688069,31088,467,203,0,29.4,63,1852.2,111000051,1850,1900,174,499,399,1,1,83,1850
1681363688069,31089,350,100,180,28.75,65.1,1871.625,111100052,1850,1900,174,499,399,1,2,148,1850
1681363688069,2113002,195,227,0,69.525,27.195,1890.732375,112600059,1850,1900,174,499,399,1,1,67,1850
1681363688069,31089,336,149,180,28.75,65.1,1871.625,111100052,1850,1900,174,499,399,1,2,148,1850
1681363688069,313002,289,145,180,62.45,31.05,1939.0725,11800053,1900,1950,174,497,398,1,2,101,1900
1681363688069,1813061,244,362,0,60.2,31.8,1914.36,111000043,1900,1950,174,499,399,1,1,82,1900
1681363688069,313001,233,299,180,70.8,27.3,1932.84,11700052,1900,1950,174,499,399,1,1,78,1900
1681363688069,313002,397,246,180,62.45,31.05,1939.0725,11800053,1900,1950,174,499,399,1,1,138,1900
1681363688069,313001,441,187,180,70.8,27.3,1932.84,11700052,1900,1950,174,499,399,1,2,153,1900
1681363688069,313001,8,227,180,70.8,27.3,1932.84,11700052,1900,1950,174,499,399,1,1,78,1900
1681363688069,1815041,146,68,0,26.8,71.55,1917.54,11800043,1900,1950,174,499,399,1,2,51,1900
1681363688069,311002,407,299,0,38.675,49.8,1926.015,112500062,1900,1950,154,499,399,2,1,125,1900
1681363688069,2113001,196,63,90,62.895,30.675,1929.304125,112500058,1900,1950,154,499,399,2,2,60,1900
1681363688069,202116003,58,151,270,42.015,47.285,1986.679275,111400051,1950,2000,154,497,398,2,2,17,1950
1681363688069,315186,344,303,270,28.65,69.6,1994.04,112200024,1950,2000,154,499,399,2,1,106,1950
1681363688069,1813054,34,83,180,60.2,32.8,1974.56,11500038,1950,2000,154,499,399,2,2,10,1950
1681363688069,315186,410,262,270,28.65,69.6,1994.04,112200024,1950,2000,154,499,399,2,1,105,1950
1681363688069,1813055,372,32,180,60.2,33.8,2034.76,11600039,2000,2050,154,499,399,2,2,114,2000
1681363688069,1813052,146,297,180,60.2,34.8,2094.96,11300036,2050,2100,154,497,399,2,1,45,2050
1681363688069,311057,260,179,270,22.9,91,2083.9,111900059,2050,2100,154,497,399,2,2,80,2050
1681363688069,1813012,173,36,90,52.85,39.175,2070.39875,11300035,2050,2100,154,499,399,2,2,53,2050
1681363688069,311053,219,88,180,23.15,91.5,2118.225,112200021,2100,2150,154,473,398,2,2,71,2100
1681363688069,1813016,16,390,90,53.85,39.175,2109.57375,11700039,2100,2150,154,497,398,2,1,4,2100
1681363688069,311085,491,190,270,21.725,97.325,2114.385625,11500048,2100,2150,154,497,399,2,2,152,2100
1681363688069,311085,101,253,270,21.725,97.325,2114.385625,11500048,2100,2150,154,497,399,2,1,31,2100
1681363688069,311053,293,79,180,23.15,91.5,2118.225,112200021,2100,2150,154,499,399,2,2,70,2100
1681363688069,9313000,472,245,90,67.95,32.25,2191.3875,11300026,2150,2200,154,472,398,2,1,154,2150
1681363688069,310003,96,159,0,24.3,88.6,2152.98,111300051,2150,2200,154,497,398,2,2,29,2150
1681363688069,314014,203,64,90,22.1,100.2,2214.42,111300018,2200,2250,154,497,399,2,2,62,2200
1681363688069,313044,4,248,90,50.25,44.15,2218.5375,111000014,2200,2250,154,499,399,2,1,1,2200
1681363688069,313044,202,193,90,50.25,44.15,2218.5375,111000014,2200,2250,154,499,399,2,2,62,2200
1681363688069,313044,408,20,90,50.25,44.15,2218.5375,111000014,2200,2250,154,499,399,2,2,62,2200
1681363688069,1814015,230,357,270,21.55,103.15,2222.8825,112500055,2200,2250,154,499,399,2,1,70,2200
1681363688069,313044,223,367,90,50.25,44.15,2218.5375,111000014,2200,2250,154,499,399,2,1,0,2200
1681363688069,1813106,371,285,180,60.2,36.85,2218.37,111300047,2200,2250,154,499,399,2,1,114,2200
1681363688069,313043,24,72,0,51.8,44.2,2289.56,11900013,2250,2300,154,472,398,2,2,7,2250
1681363688069,1813050,2,14,180,60.2,37.85,2278.57,11200035,2250,2300,154,499,399,2,2,1,2250
1681363688069,1813050,211,77,180,60.2,37.85,2278.57,11200035,2250,2300,154,499,399,2,2,0,2250
1681363688069,311083,357,224,0,22.1,106.05,2343.705,11300046,2300,2350,154,474,398,2,1,115,2300
1681363688069,1814018,225,373,180,21.95,106.775,2343.71125,11200037,2300,2350,154,497,399,2,1,69,2300
1681363688069,1814018,124,188,180,21.95,106.775,2343.71125,11200037,2300,2350,154,499,399,2,2,38,2300
1681363688069,1814018,73,229,180,21.95,106.775,2343.71125,11200037,2300,2350,154,499,399,2,1,68,2300
1681363688069,1814017,344,323,180,21.95,105.7,2320.115,11100036,2300,2350,154,499,399,2,1,106,2300
1681363688069,1813075,205,218,180,75.15,30.9,2322.135,111900050,2300,2350,154,499,399,2,1,63,2300
1681363688069,1814017,279,129,180,21.95,105.7,2320.115,11100036,2300,2350,154,499,399,2,2,86,2300
1681363688069,311083,99,385,0,22.1,106.05,2343.705,11300046,2300,2350,154,499,399,2,1,114,2300
1681363688069,314018,251,363,180,19.8,123.7,2449.26,111600020,2400,2450,154,499,399,2,1,77,2400
1681363688069,314018,458,106,180,19.8,123.7,2449.26,111600020,2400,2450,154,499,399,2,2,141,2400
1681363688069,310045,31,379,180,20.2,122.625,2477.025,112500060,2450,2500,154,497,398,2,1,9,2450
1681363688069,311007,341,120,270,41.9,59.6,2497.24,11400046,2450,2500,154,497,398,2,2,105,2450
1681363688069,2113000,397,17,0,66.375,37.305,2476.119375,112400057,2450,2500,154,499,399,2,2,122,2450
1681363688069,314019,75,185,180,19.8,124.7,2469.06,111800021,2450,2500,154,499,399,2,2,23,2450
1681363688069,1813099,471,335,270,63.15,39.45,2491.2675,11800042,2450,2500,154,499,399,2,1,145,2450
1681363688069,311007,121,7,270,41.9,59.6,2497.24,11400046,2450,2500,154,499,399,2,2,104,2450
1681363688069,310045,476,359,180,20.2,122.625,2477.025,112500060,2450,2500,154,499,399,2,1,8,2450
1681363688069,311007,175,357,270,41.9,59.6,2497.24,11400046,2450,2500,154,499,399,2,1,54,2450
1681363688069,310045,290,135,180,20.2,122.625,2477.025,112500060,2450,2500,154,499,399,2,2,89,2450
1681363688069,1813046,480,262,180,76.95,32.4,2493.18,112600054,2450,2500,154,499,399,2,1,148,2450
1681363688069,1813068,178,40,270,61.65,41.25,2543.0625,111200045,2500,2550,154,499,399,2,2,54,2500
1681363688069,1813068,250,174,270,61.65,41.25,2543.0625,111200045,2500,2550,154,499,399,2,2,53,2500
1681363688069,1813090,409,81,180,75.15,33.9,2547.585,112500054,2500,2550,154,499,399,2,2,126,2500
1681363688069,313004,183,364,90,65.95,38.7,2552.265,111000055,2550,2600,154,497,398,2,1,56,2550
1681363688069,1214006,195,77,270,20.2,127.85,2582.57,11700031,2550,2600,154,497,398,2,2,60,2550
1681363688069,1813074,201,230,180,76.95,33.4,2570.13,111800049,2550,2600,154,499,399,2,1,62,2550
1681363688069,1813056,109,167,270,65.15,39.45,2570.1675,11700040,2550,2600,154,499,399,2,2,33,2550
1681363688069,313004,87,23,90,65.95,38.7,2552.265,111000055,2550,2600,154,499,399,2,2,26,2550
1681363688069,1214006,146,125,270,20.2,127.85,2582.57,11700031,2550,2600,154,499,399,2,2,60,2550
1681363688069,1813056,403,138,270,65.15,39.45,2570.1675,11700040,2550,2600,154,499,399,2,2,32,2550
1681363688069,1813074,494,345,180,76.95,33.4,2570.13,111800049,2550,2600,154,499,399,2,1,61,2550
1681363688069,1814019,190,5,90,21.2,123.3,2613.96,11300038,2600,2650,154,472,398,2,2,58,2600
1681363688069,1814010,137,256,0,19.8,132.3,2619.54,112200053,2600,2650,154,497,398,2,1,42,2600
1681363688069,1814013,125,399,180,24.6,106.85,2628.51,112400054,2600,2650,154,497,399,2,1,38,2600
1681363688069,314015,493,11,270,20.2,130.25,2631.05,111400019,2600,2650,154,497,399,2,2,152,2600
1681363688069,1813047,222,122,90,63.65,41.25,2625.5625,11100034,2600,2650,154,499,399,2,2,68,2600
1681363688069,1814013,151,170,180,24.6,106.85,2628.51,112400054,2600,2650,154,499,399,2,2,46,2600
1681363688069,1813078,227,336,180,76.95,34.4,2647.08,112100051,2600,2650,154,499,399,2,1,70,2600
1681363688069,1813078,472,158,180,76.95,34.4,2647.08,112100051,2600,2650,154,499,399,2,2,145,2600
1681363688069,1814013,325,246,180,24.6,106.85,2628.51,112400054,2600,2650,154,499,399,2,1,37,2600
1681363688069,1814010,417,10,0,19.8,132.3,2619.54,112200053,2600,2650,154,499,399,2,2,128,2600
1681363688069,1813094,46,47,0,75.15,34.9,2622.735,11300037,2600,2650,154,499,399,2,2,14,2600
1681363688069,1813078,461,58,180,76.95,34.4,2647.08,112100051,2600,2650,154,499,399,2,2,144,2600
1681363688069,1813091,162,356,270,66.15,39.45,2609.6175,112600055,2600,2650,154,499,399,2,1,49,2600
1681363688069,1813047,45,80,90,63.65,41.25,2625.5625,11100034,2600,2650,154,499,399,2,2,67,2600
1681363688069,314015,452,387,270,20.2,130.25,2631.05,111400019,2600,2650,154,499,399,2,1,139,2600
1681363688069,1813094,87,142,0,75.15,34.9,2622.735,11300037,2600,2650,154,499,399,2,2,13,2600
1681363688069,1813094,334,193,0,75.15,34.9,2622.735,11300037,2600,2650,154,499,399,2,2,13,2600
1681363688069,1813094,29,261,0,75.15,34.9,2622.735,11300037,2600,2650,154,499,399,2,1,8,2600
1681363688069,314003,465,135,0,19.8,136.1,2694.78,11200007,2650,2700,154,497,398,2,2,144,2650
1681363688069,1813062,235,248,90,64.65,41.25,2666.8125,111100044,2650,2700,154,497,398,2,1,72,2650
1681363688069,1813103,401,179,90,68.15,39.45,2688.5175,111100045,2650,2700,154,497,398,2,2,124,2650
1681363688069,1813062,209,228,90,64.65,41.25,2666.8125,111100044,2650,2700,154,497,399,2,1,71,2650
1681363688069,314006,203,332,0,19.8,135.1,2674.98,11500010,2650,2700,154,497,399,2,1,60,2650
1681363688069,1813062,381,229,90,64.65,41.25,2666.8125,111100044,2650,2700,154,499,399,2,1,71,2650
1681363688069,1813103,51,317,90,68.15,39.45,2688.5175,111100045,2650,2700,154,499,399,2,1,15,2650
1681363688069,314006,408,248,0,19.8,135.1,2674.98,11500010,2650,2700,154,499,399,2,1,60,2650
1681363688069,1813095,400,313,0,75.15,35.9,2697.885,11400038,2650,2700,154,499,399,2,1,123,2650
1681363688069,314006,33,89,0,19.8,135.1,2674.98,11500010,2650,2700,154,499,399,2,2,10,2650
1681363688069,1813103,183,73,90,68.15,39.45,2688.5175,111100045,2650,2700,154,499,399,2,2,123,2650
1681363688069,1814005,138,122,90,20.2,133.7,2700.74,111600049,2700,2750,154,499,399,2,2,42,2700
1681363688069,314000,376,184,0,19.8,137.1,2714.58,112500025,2700,2750,154,499,399,2,2,116,2700
1681363688069,1814005,416,86,90,20.2,133.7,2700.74,111600049,2700,2750,154,499,399,2,2,41,2700
1681363688069,310041,383,224,180,21.25,128.65,2733.8125,111900056,2700,2750,154,499,399,2,1,118,2700
1681363688069,310041,128,103,180,21.25,128.65,2733.8125,111900056,2700,2750,154,499,399,2,2,39,2700
1681363688069,311009,27,306,270,41.9,66.8,2798.92,11600048,2750,2800,154,474,398,2,1,6,2750
1681363688069,1214000,441,301,90,19.95,139.3,2779.035,11100025,2750,2800,154,497,398,2,1,136,2750
1681363688069,31044,214,314,90,37.65,73.55,2769.1575,112200059,2750,2800,154,499,399,2,1,66,2750
1681363688069,1813034,157,217,180,75.15,36.9,2773.035,111900049,2750,2800,154,499,399,2,1,48,2750
1681363688069,31044,36,344,90,37.65,73.55,2769.1575,112200059,2750,2800,154,499,399,2,1,65,2750
1681363688069,188003,314,125,0,22.6,125.4,2834.04,11400040,2800,2850,154,497,398,2,2,97,2800
1681363688069,314001,121,163,90,19.95,141.65,2825.9175,112600026,2800,2850,154,497,398,2,2,37,2800
1681363688069,188003,57,134,0,22.6,125.4,2834.04,11400040,2800,2850,154,499,399,2,2,96,2800
1681363688069,310019,387,379,270,20.4,138.15,2818.26,11100040,2800,2850,154,499,399,2,1,119,2800
1681363688069,1214005,456,340,0,21.6,130.65,2822.04,11600030,2800,2850,154,499,399,2,1,140,2800
1681363688069,128027,141,273,270,23,124.075,2853.725,112600048,2850,2900,154,499,399,2,1,43,2850
1681363688069,31060,186,249,270,36.65,78.3,2869.695,11200043,2850,2900,154,499,399,2,1,57,2850
1681363688069,1814006,65,58,0,26.85,106.85,2868.9225,111800050,2850,2900,154,499,399,2,2,20,2850
1681363688069,188002,136,166,0,22.6,128.05,2893.93,11300039,2850,2900,154,499,399,2,2,41,2850
1681363688069,188002,419,120,0,22.6,128.05,2893.93,11300039,2850,2900,154,499,399,2,2,40,2850
1681363688069,31060,61,310,270,36.65,78.3,2869.695,11200043,2850,2900,154,499,399,2,1,56,2850
1681363688069,311075,236,233,180,25.5,112.75,2875.125,112200061,2850,2900,154,499,399,2,1,72,2850
1681363688069,310007,319,352,180,32.85,89,2923.65,111600053,2900,2950,154,497,398,2,1,98,2900
1681363688069,1214002,12,220,0,20.35,142.95,2909.0325,11300027,2900,2950,154,499,399,2,1,3,2900
1681363688069,31041,399,399,0,41.85,69.55,2910.6675,11300004,2900,2950,154,499,399,2,1,123,2900
1681363688069,310008,266,238,90,33.7,86.8,2925.16,111800054,2900,2950,154,499,399,2,1,82,2900
1681363688069,313000,56,371,90,67.325,43.6,2935.37,11600051,2900,2950,154,499,399,2,1,17,2900
1681363688069,310007,356,303,180,32.85,89,2923.65,111600053,2900,2950,154,499,399,2,1,97,2900
1681363688069,6214000,427,291,180,20.1,145.9,2932.59,112400041,2900,2950,154,499,399,2,1,131,2900
1681363688069,31041,26,178,0,41.85,69.55,2910.6675,11300004,2900,2950,154,499,399,2,2,8,2900
1681363688069,314011,461,92,0,20.1,144.85,2911.485,111000015,2900,2950,154,499,399,2,2,142,2900
1681363688069,128024,440,148,270,19.95,148.7,2966.565,112200045,2950,3000,154,497,398,2,2,136,2950
1681363688069,310025,499,43,270,21.4,138.15,2956.41,11600045,2950,3000,154,499,399,2,2,154,2950
1681363688069,31045,457,376,90,40.15,74.1,2975.115,112400060,2950,3000,154,499,399,2,1,141,2950
1681363688069,128024,446,207,270,19.95,148.7,2966.565,112200045,2950,3000,154,499,399,2,1,137,2950
1681363688069,31045,362,263,90,40.15,74.1,2975.115,112400060,2950,3000,154,499,399,2,1,140,2950
1681363688069,314012,303,16,270,23,129.35,2975.05,111100016,2950,3000,154,499,399,2,2,93,2950
1681363688069,1813089,258,333,180,76.95,38.4,2954.88,112400053,2950,3000,154,499,399,2,1,79,2950
1681363688069,313066,81,398,270,69.925,43.45,3038.24125,112100022,3000,3050,154,325,398,2,1,38,3000
1681363688069,1214004,67,377,270,23,131.05,3014.15,11500029,3000,3050,154,474,398,2,1,21,3000
1681363688069,171016,176,195,90,31,97.3,3016.3,111800043,3000,3050,154,497,398,2,2,54,3000
1681363688069,313066,54,68,270,69.925,43.45,3038.24125,112100022,3000,3050,154,499,399,2,2,16,3000
1681363688069,181002,191,34,270,57.55,52.2,3004.11,112400048,3000,3050,154,499,399,2,2,58,3000
1681363688069,1214001,375,270,270,19.95,152.75,3047.3625,11200026,3000,3050,154,499,399,2,1,115,3000
1681363688069,181002,307,304,270,57.55,52.2,3004.11,112400048,3000,3050,154,499,399,2,1,94,3000
1681363688069,1214004,227,142,270,23,131.05,3014.15,11500029,3000,3050,154,499,399,2,2,70,3000
1681363688069,310062,9,276,180,37.025,82.65,3060.11625,111300053,3050,3100,154,499,399,2,1,2,3050
1681363688069,311076,177,47,180,26.3,117.55,3091.565,112400062,3050,3100,154,499,399,2,2,55,3050
1681363688069,314010,314,287,180,28.675,106.85,3063.92375,11900014,3050,3100,154,499,399,2,1,96,3050
1681363688069,314010,381,212,180,28.675,106.85,3063.92375,11900014,3050,3100,154,499,399,2,1,95,3050
1681363688069,310017,170,235,270,22.4,138.15,3094.56,112600060,3050,3100,154,499,399,2,1,52,3050
1681363688069,311076,410,161,180,26.3,117.55,3091.565,112400062,3050,3100,154,499,399,2,2,55,3050
1681363688069,311076,430,217,180,26.3,117.55,3091.565,112400062,3050,3100,154,499,399,2,1,132,3050
1681363688069,181011,91,288,90,57.55,54.05,3110.5775,11600035,3100,3150,154,474,398,2,1,29,3100
1681363688069,1211000,274,125,270,34.3,91.8,3148.74,112100041,3100,3150,154,497,398,2,2,84,3100
1681363688069,1214003,80,287,90,21.8,142.55,3107.59,11400028,3100,3150,154,499,399,2,1,24,3100
1681363688069,38004,70,327,270,26.25,118.6,3113.25,11800026,3100,3150,154,499,399,2,1,21,3100
1681363688069,310038,476,250,0,24.2,128.2,3102.44,111600054,3100,3150,154,499,399,2,1,146,3100
1681363688069,181024,86,268,270,61.3,51.1,3132.43,111200041,3100,3150,154,499,399,2,1,26,3100
1681363688069,310038,222,3,0,24.2,128.2,3102.44,111600054,3100,3150,154,499,399,2,2,68,3100
1681363688069,181011,267,375,90,57.55,54.05,3110.5775,11600035,3100,3150,154,499,399,2,1,28,3100
1681363688069,310038,488,249,0,24.2,128.2,3102.44,111600054,3100,3150,154,499,399,2,1,145,3100
1681363688069,38004,117,368,270,26.25,118.6,3113.25,11800026,3100,3150,154,499,399,2,1,21,3100
1681363688069,128002,359,124,270,26.25,121.8,3197.25,11400030,3150,3200,154,497,398,2,2,111,3150
1681363688069,1814008,75,129,180,31.55,101.2,3192.86,111900051,3150,3200,154,497,398,2,2,23,3150
1681363688069,314005,371,47,180,20.35,155.85,3171.5475,11400009,3150,3200,154,499,399,2,2,114,3150
1681363688069,188005,474,386,270,28.7,109.85,3152.695,11500041,3150,3200,154,499,399,2,1,146,3150
1681363688069,1814008,236,260,180,31.55,101.2,3192.86,111900051,3150,3200,154,499,399,2,1,73,3150
1681363688069,314005,57,277,180,20.35,155.85,3171.5475,11400009,3150,3200,154,499,399,2,1,17,3150
1681363688069,314005,393,391,180,20.35,155.85,3171.5475,11400009,3150,3200,154,499,399,2,1,17,3150
1681363688069,128002,62,384,270,26.25,121.8,3197.25,11400030,3150,3200,154,499,399,2,1,19,3150
1681363688069,188005,259,110,270,28.7,109.85,3152.695,11500041,3150,3200,154,499,399,2,2,79,3150
1681363688069,314002,34,358,180,20.35,154.85,3151.1975,11100006,3150,3200,154,499,399,2,1,10,3150
1681363688069,310035,128,93,90,37.05,86.8,3215.94,111200051,3200,3250,154,474,398,2,2,39,3200
1681363688069,181021,387,94,270,63.5,51.1,3244.85,111100040,3200,3250,154,474,398,2,2,125,3200
1681363688069,128026,479,160,180,26.65,120.2,3203.33,112500047,3200,3250,154,497,398,2,2,148,3200
1681363688069,1814009,199,376,180,31.55,102.2,3224.41,112100052,3200,3250,154,497,398,2,1,59,3200
1681363688069,128026,482,267,180,26.65,120.2,3203.33,112500047,3200,3250,154,497,398,2,1,149,3200
1681363688069,2641001,139,313,0,44,73.2,3220.8,11600044,3200,3250,154,497,399,2,1,43,3200
1681363688069,181085,36,384,270,60.55,53.2,3221.26,111800046,3200,3250,154,499,399,2,1,11,3200
1681363688069,310035,468,179,90,37.05,86.8,3215.94,111200051,3200,3250,154,499,399,2,2,39,3200
1681363688069,310035,498,150,90,37.05,86.8,3215.94,111200051,3200,3250,154,499,399,2,2,39,3200
1681363688069,128026,123,51,180,26.65,120.2,3203.33,112500047,3200,3250,154,499,399,2,2,147,3200
1681363688069,181021,42,149,270,63.5,51.1,3244.85,111100040,3200,3250,156,499,399,3,2,13,3250
1681363688069,171008,39,302,180,45.8,71.5,3274.7,111000037,3250,3300,156,474,398,3,1,12,3250
1681363688069,310043,221,14,90,38.35,85.65,3284.6775,112200058,3250,3300,156,497,398,3,2,69,3250
1681363688069,314009,247,182,90,22.8,143.3,3267.24,11800013,3250,3300,156,497,398,3,2,77,3250
1681363688069,171008,380,230,180,45.8,71.5,3274.7,111000037,3250,3300,156,499,399,3,1,11,3250
1681363688069,314009,103,120,90,22.8,143.3,3267.24,11800013,3250,3300,156,499,399,3,2,76,3250
1681363688069,181017,466,234,270,65.5,51.1,3347.05,11900038,3300,3350,156,472,398,3,1,154,3300
1681363688069,310031,413,97,0,24.2,137.25,3321.45,111000049,3300,3350,156,499,399,3,2,129,3300
1681363688069,310031,193,372,0,24.2,137.25,3321.45,111000049,3300,3350,156,499,399,3,1,60,3300
1681363688069,38030,444,395,0,29.625,112.5,3332.8125,111000029,3300,3350,156,499,399,3,1,138,3300
1681363688069,181017,483,387,270,65.5,51.1,3347.05,11900038,3300,3350,156,499,399,3,1,153,3300
1681363688069,181017,297,231,270,65.5,51.1,3347.05,11900038,3300,3350,156,499,399,3,1,153,3300
1681363688069,31062,175,136,0,41.55,81.2,3373.86,11300044,3350,3400,156,497,398,3,2,54,3350
1681363688069,31062,215,12,0,41.55,81.2,3373.86,11300044,3350,3400,156,499,399,3,2,53,3350
1681363688069,181086,405,7,180,61.4,54.6,3352.44,111900047,3350,3400,156,499,399,3,2,126,3350
1681363688069,310057,179,300,270,30.575,111.475,3408.348125,111100051,3400,3450,156,497,398,3,1,56,3400
1681363688069,310010,342,259,0,22.9,149.25,3417.825,112100056,3400,3450,156,497,398,3,1,107,3400
1681363688069,181027,79,275,0,61.4,55.6,3413.84,111600044,3400,3450,156,499,399,3,1,24,3400
1681363688069,310010,241,39,0,22.9,149.25,3417.825,112100056,3400,3450,156,499,399,3,2,75,3400
1681363688069,181027,397,383,0,61.4,55.6,3413.84,111600044,3400,3450,156,499,399,3,1,23,3400
1681363688069,181027,495,100,0,61.4,55.6,3413.84,111600044,3400,3450,156,499,399,3,2,154,3400
1681363688069,181027,402,323,0,61.4,55.6,3413.84,111600044,3400,3450,156,499,399,3,1,23,3400
1681363688069,181018,406,25,180,66.9,51.5,3445.35,111000039,3400,3450,156,499,399,3,2,126,3400
1681363688069,310061,318,136,90,37.125,93.875,3485.109375,111200052,3450,3500,156,499,399,3,2,99,3450
1681363688069,37057,101,335,270,26.2,133.525,3498.355,112500038,3450,3500,156,499,399,3,1,31,3450
1681363688069,310061,357,55,90,37.125,93.875,3485.109375,111200052,3450,3500,156,499,399,3,2,98,3450
1681363688069,310061,190,182,90,37.125,93.875,3485.109375,111200052,3450,3500,156,499,399,3,2,98,3450
1681363688069,37057,471,266,270,26.2,133.525,3498.355,112500038,3450,3500,156,499,399,3,1,30,3450
1681363688069,310054,196,368,0,31.7,108.85,3450.545,11800048,3450,3500,156,499,399,3,1,61,3450
1681363688069,181003,154,368,180,61.4,57.25,3515.15,112600050,3500,3550,156,497,398,3,1,48,3500
1681363688069,37058,296,133,0,27.675,126.925,3512.649375,112600039,3500,3550,156,499,399,3,2,92,3500
1681363688069,37058,38,380,0,27.675,126.925,3512.649375,112600039,3500,3550,156,499,399,3,1,11,3500
1681363688069,310032,463,346,0,42.05,83.65,3517.4825,111100050,3500,3550,156,499,399,3,1,144,3500
1681363688069,310032,296,289,0,42.05,83.65,3517.4825,111100050,3500,3550,156,499,399,3,1,143,3500
1681363688069,37076,17,287,180,29.6,121.35,3591.96,11600024,3550,3600,156,497,398,3,1,5,3550
1681363688069,41002,403,350,0,69.85,51.05,3565.8425,111400035,3550,3600,156,497,399,3,1,126,3550
1681363688069,6127007,188,333,180,29.1,122.425,3562.5675,111000032,3550,3600,156,499,399,3,1,58,3550
1681363688069,38005,55,270,90,31.2,114.55,3573.96,11900027,3550,3600,156,499,399,3,1,17,3550
1681363688069,38005,174,147,90,31.2,114.55,3573.96,11900027,3550,3600,156,499,399,3,2,54,3550
1681363688069,37076,487,285,180,29.6,121.35,3591.96,11600024,3550,3600,156,499,399,3,1,4,3550
1681363688069,37029,225,285,180,29.35,124.225,3646.00375,112500037,3600,3650,156,473,398,3,1,74,3600
1681363688069,31003,164,46,180,63.1,57.25,3612.475,11700007,3600,3650,156,497,398,3,2,51,3600
1681363688069,31054,164,285,0,47.55,76.75,3649.4625,112600062,3600,3650,156,499,399,3,1,51,3600
1681363688069,41001,178,276,90,53.3,67.8,3613.74,111300034,3600,3650,156,499,399,3,1,55,3600
1681363688069,31063,245,299,270,48.75,73.975,3606.28125,11400045,3600,3650,156,499,399,3,1,76,3600
1681363688069,37029,441,113,180,29.35,124.225,3646.00375,112500037,3600,3650,156,499,399,3,2,137,3600
1681363688069,31011,12,89,180,57.3,63.15,3618.495,111800016,3600,3650,156,499,399,3,2,3,3600
1681363688069,41001,20,285,90,53.3,67.8,3613.74,111300034,3600,3650,156,499,399,3,1,54,3600
1681363688069,31063,286,225,270,48.75,73.975,3606.28125,11400045,3600,3650,156,499,399,3,1,75,3600
1681363688069,31003,409,119,180,63.1,57.25,3612.475,11700007,3600,3650,156,499,399,3,2,50,3600
1681363688069,6128000,320,322,0,31.2,115.85,3614.52,111400036,3600,3650,156,499,399,3,1,100,3600
1681363688069,121002,283,17,270,39.75,91.3,3629.175,111800039,3600,3650,156,499,399,3,2,88,3600
1681363688069,310023,89,292,180,26.15,138.5,3621.775,11400043,3600,3650,156,499,399,3,1,27,3600
1681363688069,31063,330,103,270,48.75,73.975,3606.28125,11400045,3600,3650,156,499,399,3,2,103,3600
1681363688069,31011,456,212,180,57.3,63.15,3618.495,111800016,3600,3650,156,499,399,3,1,142,3600
1681363688069,310051,274,269,0,31.1,118.45,3683.795,11500045,3650,3700,156,472,398,3,1,90,3650
1681363688069,31018,177,366,0,69.2,53.05,3671.06,112500021,3650,3700,156,473,398,3,1,58,3650
1681363688069,202116000,132,371,270,24.75,148.75,3681.5625,111100048,3650,3700,156,497,398,3,1,41,3650
1681363688069,31018,285,160,0,69.2,53.05,3671.06,112500021,3650,3700,156,499,399,3,2,89,3650
1681363688069,202116002,433,223,270,50.465,72.885,3678.141525,111300050,3650,3700,156,499,399,3,1,135,3650
1681363688069,31018,37,196,0,69.2,53.05,3671.06,112500021,3650,3700,156,499,399,3,2,88,3650
1681363688069,31018,82,106,0,69.2,53.05,3671.06,112500021,3650,3700,156,499,399,3,2,88,3650
1681363688069,310051,434,24,0,31.1,118.45,3683.795,11500045,3650,3700,156,499,399,3,2,135,3650
1681363688069,310051,453,25,0,31.1,118.45,3683.795,11500045,3650,3700,156,499,399,3,2,134,3650
1681363688069,202116000,91,299,270,24.75,148.75,3681.5625,111100048,3650,3700,156,499,399,3,1,40,3650
1681363688069,202116000,77,395,270,24.75,148.75,3681.5625,111100048,3650,3700,156,499,399,3,1,40,3650
1681363688069,202116002,476,165,270,50.465,72.885,3678.141525,111300050,3650,3700,156,499,399,3,2,148,3650
1681363688069,37000,4,150,270,26.2,142.3,3728.26,112400035,3700,3750,156,497,398,3,2,1,3700
1681363688069,6127002,358,295,270,26.7,140.3,3746.01,11500027,3700,3750,156,499,399,3,1,111,3700
1681363688069,6127002,222,362,270,26.7,140.3,3746.01,11500027,3700,3750,156,499,399,3,1,110,3700
1681363688069,6127002,235,388,270,26.7,140.3,3746.01,11500027,3700,3750,156,499,399,3,1,110,3700
1681363688069,6127002,124,343,270,26.7,140.3,3746.01,11500027,3700,3750,156,499,399,3,1,110,3700
1681363688069,6127002,282,379,270,26.7,140.3,3746.01,11500027,3700,3750,156,499,399,3,1,110,3700
1681363688069,6127002,157,40,270,26.7,140.3,3746.01,11500027,3700,3750,156,499,399,3,2,49,3700
1681363688069,181026,185,308,90,68.1,55,3745.5,111400043,3700,3750,156,499,399,3,1,57,3700
1681363688069,6127000,101,163,270,27.55,137.9,3799.145,11300025,3750,3800,156,474,398,3,2,33,3750
1681363688069,310020,17,301,180,41.4,91.65,3794.31,11200041,3750,3800,156,497,398,3,1,5,3750
1681363688069,6127000,160,366,270,27.55,137.9,3799.145,11300025,3750,3800,156,497,398,3,1,50,3750
1681363688069,37001,446,40,180,27.6,136.35,3763.26,112500036,3750,3800,156,497,398,3,2,139,3750
1681363688069,181093,268,295,270,48.475,77.65,3764.08375,112500051,3750,3800,156,497,398,3,1,84,3750
1681363688069,310020,327,193,180,41.4,91.65,3794.31,11200041,3750,3800,156,499,399,3,2,102,3750
1681363688069,6127000,49,388,270,27.55,137.9,3799.145,11300025,3750,3800,156,499,399,3,1,49,3750
1681363688069,6127000,470,262,270,27.55,137.9,3799.145,11300025,3750,3800,156,499,399,3,1,49,3750
1681363688069,181025,383,141,0,67.7,56.5,3825.05,111300042,3800,3850,156,497,398,3,2,120,3800
1681363688069,189049,152,29,0,85.075,45.25,3849.64375,11100038,3800,3850,156,499,399,3,2,47,3800
1681363688069,189049,456,118,0,85.075,45.25,3849.64375,11100038,3800,3850,156,499,399,3,2,46,3800
1681363688069,38000,137,231,180,34.325,111.375,3822.946875,11700025,3800,3850,156,499,399,3,1,42,3800
1681363688069,1214008,417,148,270,26.2,145.4,3809.48,11900033,3800,3850,156,499,399,3,2,130,3800
1681363688069,38000,485,247,180,34.325,111.375,3822.946875,11700025,3800,3850,156,499,399,3,1,41,3800
1681363688069,189049,283,26,0,85.075,45.25,3849.64375,11100038,3800,3850,156,499,399,3,2,46,3800
1681363688069,1214008,14,288,270,26.2,145.4,3809.48,11900033,3800,3850,156,499,399,3,1,4,3800
1681363688069,189049,17,158,0,85.075,45.25,3849.64375,11100038,3800,3850,156,499,399,3,2,46,3800
1681363688069,1214007,155,143,0,25.5,150.4,3835.2,11800032,3800,3850,156,499,399,3,2,48,3800
1681363688069,38044,322,318,180,34.325,113.525,3896.745625,112500040,3850,3900,156,497,398,3,1,101,3850
1681363688069,38045,297,105,180,34.325,112.85,3873.57625,112600041,3850,3900,156,497,398,3,2,93,3850
1681363688069,6127008,394,163,0,31.7,122,3867.4,111100033,3850,3900,156,499,399,3,2,123,3850
1681363688069,38044,25,255,180,34.325,113.525,3896.745625,112500040,3850,3900,156,499,399,3,1,100,3850
1681363688069,6127008,66,25,0,31.7,122,3867.4,111100033,3850,3900,156,499,399,3,2,122,3850
1681363688069,38046,300,90,180,34.325,112.2,3851.265,11100021,3850,3900,156,499,399,3,2,93,3850
1681363688069,38009,402,108,0,33.525,116.1,3892.2525,111300031,3850,3900,156,499,399,3,2,125,3850
1681363688069,187000,108,126,90,27.65,142.3,3934.595,112500056,3900,3950,156,497,398,3,2,33,3900
1681363688069,187000,139,220,90,27.65,142.3,3934.595,112500056,3900,3950,156,499,399,3,1,43,3900
1681363688069,128028,181,46,90,33.475,119.35,3995.24125,11100028,3950,4000,156,473,398,3,2,59,3950
1681363688069,31000,197,319,0,70.85,56.05,3971.1425,11400004,3950,4000,156,499,399,3,1,61,3950
1681363688069,6128003,235,82,90,33.775,117.575,3971.095625,111900039,3950,4000,156,499,399,3,2,73,3950
1681363688069,31075,168,183,90,49.075,81.125,3981.209375,11800009,3950,4000,156,499,399,3,2,52,3950
1681363688069,31075,259,45,90,49.075,81.125,3981.209375,11800009,3950,4000,156,499,399,3,2,51,3950
1681363688069,31075,50,14,90,49.075,81.125,3981.209375,11800009,3950,4000,156,499,399,3,2,51,3950
1681363688069,31000,461,242,0,70.85,56.05,3971.1425,11400004,3950,4000,156,499,399,3,1,61,3950
1681363688069,310052,444,26,90,33.35,118.6,3955.31,11600046,3950,4000,156,499,399,3,2,138,3950
1681363688069,311043,164,59,270,47.25,85.6,4044.6,111600057,4000,4050,156,497,398,3,2,49,4000
1681363688069,311043,151,29,270,47.25,85.6,4044.6,111600057,4000,4050,156,499,399,3,2,49,4000
1681363688069,351000,304,121,270,39.65,101.1,4008.615,11600027,4000,4050,156,499,399,3,2,95,4000
1681363688069,351000,267,12,270,39.65,101.1,4008.615,11600027,4000,4050,156,499,399,3,2,94,4000
1681363688069,38012,265,129,0,35.025,114.35,4005.10875,111800034,4000,4050,156,499,399,3,2,82,4000
1681363688069,311043,92,313,270,47.25,85.6,4044.6,111600057,4000,4050,156,499,399,3,1,28,4000
1681363688069,38020,140,23,0,37.25,109.45,4077.0125,11200021,4050,4100,156,497,398,3,2,43,4050
1681363688069,310036,58,57,180,31.7,128.2,4063.94,111300052,4050,4100,156,497,398,3,2,18,4050
1681363688069,38020,75,388,0,37.25,109.45,4077.0125,11200021,4050,4100,156,497,398,3,1,23,4050
1681363688069,310024,309,168,0,29.25,138.55,4052.5875,11500044,4050,4100,156,499,399,3,2,96,4050
1681363688069,38020,271,354,0,37.25,109.45,4077.0125,11200021,4050,4100,156,499,399,3,1,22,4050
1681363688069,38020,139,184,0,37.25,109.45,4077.0125,11200021,4050,4100,156,499,399,3,2,42,4050
1681363688069,310024,377,321,0,29.25,138.55,4052.5875,11500044,4050,4100,156,499,399,3,1,117,4050
1681363688069,310036,176,267,180,31.7,128.2,4063.94,111300052,4050,4100,156,499,399,3,1,53,4050
1681363688069,310024,342,2,0,29.25,138.55,4052.5875,11500044,4050,4100,156,499,399,3,2,95,4050
1681363688069,310036,1,119,180,31.7,128.2,4063.94,111300052,4050,4100,156,499,399,3,2,17,4050
1681363688069,127062,139,380,180,33.25,122.275,4065.64375,11100027,4050,4100,156,499,399,3,1,43,4050
1681363688069,128011,41,133,90,36.025,114.1,4110.4525,11900035,4100,4150,156,497,398,3,2,12,4100
1681363688069,6127010,173,265,0,33.375,124,4138.5,111300035,4100,4150,156,499,399,3,1,52,4100
1681363688069,128011,488,54,90,36.025,114.1,4110.4525,11900035,4100,4150,156,499,399,3,2,11,4100
1681363688069,6128005,226,109,90,36.025,115.675,4167.191875,112200041,4150,4200,156,497,398,3,2,70,4150
1681363688069,128021,131,237,0,35.5,117.15,4158.825,112100044,4150,4200,156,499,399,3,1,40,4150
1681363688069,31001,110,113,0,70.85,59.15,4190.7775,11500005,4150,4200,156,499,399,3,2,34,4150
1681363688069,31001,97,156,0,70.85,59.15,4190.7775,11500005,4150,4200,156,499,399,3,2,34,4150
1681363688069,128021,428,228,0,35.5,117.15,4158.825,112100044,4150,4200,156,499,399,3,1,39,4150
1681363688069,31074,98,160,90,51.05,81.525,4161.85125,11700008,4150,4200,156,499,399,3,2,30,4150
1681363688069,6128005,227,18,90,36.025,115.675,4167.191875,112200041,4150,4200,156,499,399,3,2,69,4150
1681363688069,128021,194,345,0,35.5,117.15,4158.825,112100044,4150,4200,156,499,399,3,1,39,4150
1681363688069,128021,277,221,0,35.5,117.15,4158.825,112100044,4150,4200,156,499,399,3,1,39,4150
1681363688069,38011,300,124,0,34.8,120.475,4192.53,111600033,4150,4200,156,499,399,3,2,90,4150
1681363688069,38011,250,312,0,34.8,120.475,4192.53,111600033,4150,4200,156,499,399,3,1,78,4150
1681363688069,38022,38,207,90,35.75,118.05,4220.2875,11400023,4200,4250,156,497,398,3,1,9,4200
1681363688069,37004,464,32,0,33.25,127.525,4240.20625,11200018,4200,4250,156,497,398,3,2,145,4200
1681363688069,38015,221,122,0,35.5,119.05,4226.275,112200037,4200,4250,156,497,398,3,2,67,4200
1681363688069,38015,222,211,0,35.5,119.05,4226.275,112200037,4200,4250,156,497,399,3,1,69,4200
1681363688069,2641004,283,120,270,47.2,90,4248,11900047,4200,4250,156,499,399,3,2,86,4200
1681363688069,38015,488,248,0,35.5,119.05,4226.275,112200037,4200,4250,156,499,399,3,1,68,4200
1681363688069,127052,65,138,90,33.05,128.425,4244.44625,111300038,4200,4250,156,499,399,3,2,20,4200
1681363688069,37004,45,139,0,33.25,127.525,4240.20625,11200018,4200,4250,156,499,399,3,2,144,4200
1681363688069,37023,318,128,0,34.4,122.275,4206.26,111800032,4200,4250,156,499,399,3,2,99,4200
1681363688069,38022,381,178,90,35.75,118.05,4220.2875,11400023,4200,4250,156,499,399,3,2,119,4200
1681363688069,37023,352,220,0,34.4,122.275,4206.26,111800032,4200,4250,156,499,399,3,1,110,4200
1681363688069,37004,414,220,0,33.25,127.525,4240.20625,11200018,4200,4250,156,499,399,3,1,129,4200
1681363688069,38022,139,55,90,35.75,118.05,4220.2875,11400023,4200,4250,156,499,399,3,2,118,4200
1681363688069,127051,297,258,90,33.05,129.475,4279.14875,111200037,4250,4300,156,497,398,3,1,93,4250
1681363688069,171018,141,323,90,45.75,93.25,4266.1875,112100045,4250,4300,156,497,399,3,1,44,4250
1681363688069,171018,197,385,90,45.75,93.25,4266.1875,112100045,4250,4300,156,499,399,3,1,44,4250
1681363688069,38021,422,97,0,39.15,109.45,4284.9675,11300022,4250,4300,156,499,399,3,2,131,4250
1681363688069,38021,255,201,0,39.15,109.45,4284.9675,11300022,4250,4300,156,499,399,3,1,79,4250
1681363688069,310029,191,387,0,31.05,137.25,4261.6125,11800047,4250,4300,156,499,399,3,1,62,4250
1681363688069,171018,48,80,90,45.75,93.25,4266.1875,112100045,4250,4300,156,499,399,3,2,15,4250
1681363688069,37006,345,116,90,33.7,128.425,4327.9225,11400020,4300,4350,156,497,398,3,2,108,4300
1681363688069,128005,193,262,270,38.05,113.85,4331.9925,11500031,4300,4350,156,497,399,3,1,63,4300
1681363688069,127024,25,230,270,34.75,124.55,4328.1125,11100026,4300,4350,156,497,399,3,1,7,4300
1681363688069,181095,118,35,180,51.125,84.4,4314.95,11100032,4300,4350,156,499,399,3,2,36,4300
1681363688069,37026,442,89,90,35.35,122.025,4313.58375,112100034,4300,4350,156,499,399,3,2,139,4300
1681363688069,311037,277,207,90,53.05,81.8,4339.49,111400056,4300,4350,156,499,399,3,1,86,4300
1681363688069,311037,158,358,90,53.05,81.8,4339.49,111400056,4300,4350,156,499,399,3,1,85,4300
1681363688069,38010,360,55,270,35.75,120.725,4315.91875,111400032,4300,4350,156,499,399,3,2,112,4300
1681363688069,128005,121,242,270,38.05,113.85,4331.9925,11500031,4300,4350,156,499,399,3,1,63,4300
1681363688069,38010,27,76,270,35.75,120.725,4315.91875,111400032,4300,4350,156,499,399,3,2,111,4300
1681363688069,128005,73,227,270,38.05,113.85,4331.9925,11500031,4300,4350,156,499,399,3,1,63,4300
1681363688069,37026,385,261,90,35.35,122.025,4313.58375,112100034,4300,4350,156,499,399,3,1,120,4300
1681363688069,37005,127,231,90,33.7,129.475,4363.3075,11300019,4350,4400,169,473,398,4,1,45,4350
1681363688069,31081,122,89,0,57.125,76.3,4358.6375,111300014,4350,4400,169,474,398,4,2,43,4350
1681363688069,31002,337,300,0,70.7,61.65,4358.655,11600006,4350,4400,169,499,399,4,1,114,4350
1681363688069,37005,378,335,90,33.7,129.475,4363.3075,11300019,4350,4400,169,499,399,4,1,44,4350
1681363688069,127023,239,313,270,35.35,123.1,4351.585,112600046,4350,4400,169,499,399,4,1,80,4350
1681363688069,128000,330,372,270,39.4,111.5,4393.1,11200028,4350,4400,169,499,399,4,1,111,4350
1681363688069,128000,287,278,270,39.4,111.5,4393.1,11200028,4350,4400,169,499,399,4,1,110,4350
1681363688069,127023,400,83,270,35.35,123.1,4351.585,112600046,4350,4400,169,499,399,4,2,135,4350
1681363688069,128025,344,275,0,36.7,119.55,4387.485,112400046,4350,4400,169,499,399,4,1,116,4350
1681363688069,127053,272,56,90,30,145.575,4367.25,111400039,4350,4400,169,499,399,4,2,92,4350
1681363688069,127054,51,143,270,32.2,136.9,4408.18,111600040,4400,4450,169,497,398,4,2,17,4400
1681363688069,310040,183,201,0,34.65,128.3,4445.595,111800055,4400,4450,169,499,399,4,1,61,4400
1681363688069,37024,162,199,0,35.65,124.3,4431.295,111900033,4400,4450,169,499,399,4,2,54,4400
1681363688069,127006,200,333,180,30.975,143.6,4448.01,111400038,4400,4450,169,499,399,4,1,67,4400
1681363688069,38038,286,51,0,36.925,121.45,4484.54125,111600034,4450,4500,169,473,398,4,2,102,4450
1681363688069,38007,418,167,90,38.05,117.1,4455.655,111100029,4450,4500,169,497,398,4,2,142,4450
1681363688069,38006,58,312,0,37.8,118.05,4462.29,111000028,4450,4500,169,497,398,4,1,19,4450
1681363688069,38038,26,128,0,36.925,121.45,4484.54125,111600034,4450,4500,169,497,398,4,2,101,4450
1681363688069,31016,99,168,180,83.985,53,4451.205,111400054,4450,4500,169,497,398,4,2,33,4450
1681363688069,310011,428,237,270,31,144.8,4488.8,112200057,4450,4500,169,497,399,4,1,145,4450
1681363688069,1214009,181,27,90,29.8,150,4470,111000034,4450,4500,169,497,399,4,2,61,4450
1681363688069,31076,220,197,0,57.125,78.4,4478.6,11900010,4450,4500,169,499,399,4,2,74,4450
1681363688069,31016,26,263,180,83.985,53,4451.205,111400054,4450,4500,169,499,399,4,1,8,4450
1681363688069,931001,458,201,270,54.55,82.375,4493.55625,11100024,4450,4500,169,499,399,4,1,155,4450
1681363688069,6128002,50,299,0,38.7,115.4,4465.98,111800038,4450,4500,169,499,399,4,1,16,4450
1681363688069,6128002,432,260,0,38.7,115.4,4465.98,111800038,4450,4500,169,499,399,4,1,15,4450
1681363688069,38038,448,228,0,36.925,121.45,4484.54125,111600034,4450,4500,169,499,399,4,1,151,4450
1681363688069,38038,90,232,0,36.925,121.45,4484.54125,111600034,4450,4500,169,499,399,4,1,150,4450
1681363688069,1214009,73,285,90,29.8,150,4470,111000034,4450,4500,169,499,399,4,1,24,4450
1681363688069,31076,350,340,0,57.125,78.4,4478.6,11900010,4450,4500,169,499,399,4,1,118,4450
1681363688069,38038,240,200,0,36.925,121.45,4484.54125,111600034,4450,4500,169,499,399,4,1,150,4450
1681363688069,181116,183,326,0,52.825,85.9,4537.6675,111600046,4500,4550,169,474,398,4,1,65,4500
1681363688069,38043,152,120,0,41.425,109.65,4542.25125,112400039,4500,4550,169,497,398,4,2,51,4500
1681363688069,181116,196,220,0,52.825,85.9,4537.6675,111600046,4500,4550,169,499,399,4,1,64,4500
1681363688069,38043,257,351,0,41.425,109.65,4542.25125,112400039,4500,4550,169,499,399,4,1,87,4500
1681363688069,311028,378,103,270,51.95,86.8,4509.26,111000052,4500,4550,169,499,399,4,2,128,4500
1681363688069,311028,148,372,270,51.95,86.8,4509.26,111000052,4500,4550,169,499,399,4,1,50,4500
1681363688069,181029,274,355,270,46.95,96.075,4510.72125,111900046,4500,4550,169,499,399,4,1,92,4500
1681363688069,188006,234,198,270,38.95,117.4,4572.73,11600042,4550,4600,169,497,398,4,2,79,4550
1681363688069,31082,274,296,0,57.1,79.95,4565.145,111400015,4550,4600,169,497,398,4,1,93,4550
1681363688069,31082,386,250,0,57.1,79.95,4565.145,111400015,4550,4600,169,497,398,4,1,92,4550
1681363688069,6128006,44,35,0,40.9,111.25,4550.125,112400042,4550,4600,169,497,398,4,2,14,4550
1681363688069,37028,307,215,270,36.55,124.55,4552.3025,112400036,4550,4600,169,497,399,4,1,104,4550
1681363688069,188006,437,228,270,38.95,117.4,4572.73,11600042,4550,4600,169,499,399,4,1,148,4550
1681363688069,127010,28,335,270,31.9,143.025,4562.4975,111800040,4550,4600,169,499,399,4,1,9,4550
1681363688069,181046,463,25,0,79.275,58,4597.95,11200032,4550,4600,169,499,399,4,2,156,4550
1681363688069,37028,227,27,270,36.55,124.55,4552.3025,112400036,4550,4600,169,499,399,4,2,76,4550
1681363688069,31082,49,263,0,57.1,79.95,4565.145,111400015,4550,4600,169,499,399,4,1,92,4550
1681363688069,6128001,342,322,0,40.75,113.5,4625.125,111600037,4600,4650,169,497,398,4,1,116,4600
1681363688069,310050,285,375,0,37.2,124.55,4633.26,11400044,4600,4650,169,497,398,4,1,96,4600
1681363688069,128016,458,58,90,40.2,115.05,4625.01,111300039,4600,4650,169,499,399,4,2,155,4600
1681363688069,181098,67,367,270,82.175,56.225,4620.289375,11400035,4600,4650,169,499,399,4,1,22,4600
1681363688069,181098,353,102,270,82.175,56.225,4620.289375,11400035,4600,4650,169,499,399,4,2,119,4600
1681363688069,128016,372,164,90,40.2,115.05,4625.01,111300039,4600,4650,169,499,399,4,2,154,4600
1681363688069,181098,278,303,270,82.175,56.225,4620.289375,11400035,4600,4650,169,499,399,4,1,21,4600
1681363688069,181077,292,57,90,46.95,98.65,4631.6175,111100041,4600,4650,169,499,399,4,2,98,4600
1681363688069,38017,209,81,90,40.2,116.55,4685.31,112500039,4650,4700,169,472,398,4,2,74,4650
1681363688069,38017,417,284,90,40.2,116.55,4685.31,112500039,4650,4700,169,474,398,4,1,148,4650
1681363688069,38017,47,49,90,40.2,116.55,4685.31,112500039,4650,4700,169,497,398,4,2,74,4650
1681363688069,38013,149,388,0,39.95,117.55,4696.1225,111900035,4650,4700,169,497,398,4,1,50,4650
1681363688069,127061,344,310,180,37.45,124.3,4655.035,112600047,4650,4700,169,499,399,4,1,114,4650
1681363688069,121000,316,142,180,69.5,67.05,4659.975,111400037,4650,4700,169,499,399,4,2,107,4650
1681363688069,121000,312,202,180,69.5,67.05,4659.975,111400037,4650,4700,169,499,399,4,1,105,4650
1681363688069,31098,404,315,270,83.2,56.225,4677.92,111600016,4650,4700,169,499,399,4,1,136,4650
1681363688069,38013,242,65,0,39.95,117.55,4696.1225,111900035,4650,4700,169,499,399,4,2,81,4650
1681363688069,6127004,205,345,0,32.125,145.25,4666.15625,11700029,4650,4700,169,499,399,4,1,69,4650
1681363688069,127020,6,370,0,32.15,147.45,4740.5175,112500045,4700,4750,169,497,398,4,1,2,4700
1681363688069,311035,244,96,0,57.25,82.75,4737.4375,111200054,4700,4750,169,497,398,4,2,82,4700
1681363688069,128001,321,239,90,42.35,111.3,4713.555,11300029,4700,4750,169,497,398,4,1,109,4700
1681363688069,128013,338,310,90,39.8,118.5,4716.3,111000036,4700,4750,169,497,398,4,1,112,4700
1681363688069,127020,420,255,0,32.15,147.45,4740.5175,112500045,4700,4750,169,499,399,4,1,1,4700
1681363688069,310009,416,20,90,32.35,145.35,4702.0725,111900055,4700,4750,169,499,399,4,2,140,4700
1681363688069,37031,493,25,90,34.525,136.85,4724.74625,112600038,4700,4750,169,499,399,4,2,166,4700
1681363688069,127020,177,28,0,32.15,147.45,4740.5175,112500045,4700,4750,169,499,399,4,2,59,4700
1681363688069,181058,383,299,90,84.2,56.225,4734.145,11300033,4700,4750,169,499,399,4,1,129,4700
1681363688069,6127006,238,389,90,33.55,142.775,4790.10125,11900031,4750,4800,169,499,399,4,1,80,4750
1681363688069,127040,111,356,270,38.05,125.4,4771.47,11800033,4750,4800,169,499,399,4,1,37,4750
1681363688069,121010,333,360,270,58.25,81.9,4770.675,111900040,4750,4800,169,499,399,4,1,112,4750
1681363688069,6127006,375,112,90,33.55,142.775,4790.10125,11900031,4750,4800,169,499,399,4,2,127,4750
1681363688069,37043,20,257,270,38.05,127.3,4843.765,111000027,4800,4850,169,499,399,4,1,6,4800
1681363688069,310046,120,131,90,41.85,115.75,4844.1375,112600061,4800,4850,169,499,399,4,2,40,4800
1681363688069,181079,102,386,0,80.3,60.375,4848.1125,111200042,4800,4850,169,499,399,4,1,34,4800
1681363688069,181079,348,359,0,80.3,60.375,4848.1125,111200042,4800,4850,169,499,399,4,1,33,4800
1681363688069,181094,111,49,0,57.55,83.85,4825.5675,112600052,4800,4850,169,499,399,4,2,37,4800
1681363688069,37043,487,240,270,38.05,127.3,4843.765,111000027,4800,4850,169,499,399,4,1,5,4800
1681363688069,38014,349,85,0,41.05,117.55,4825.4275,112100036,4800,4850,169,499,399,4,2,118,4800
1681363688069,38014,450,38,0,41.05,117.55,4825.4275,112100036,4800,4850,169,499,399,4,2,117,4800
1681363688069,181079,400,6,0,80.3,60.375,4848.1125,111200042,4800,4850,169,499,399,4,2,135,4800
1681363688069,127055,393,116,0,35.8,136.275,4878.645,111800041,4850,4900,169,473,398,4,2,140,4850
1681363688069,6127005,187,169,180,36.825,133.05,4899.56625,11800030,4850,4900,169,497,398,4,2,63,4850
1681363688069,127055,43,228,0,35.8,136.275,4878.645,111800041,4850,4900,169,499,399,4,1,14,4850
1681363688069,38019,259,119,90,42.35,114.65,4855.4275,11100020,4850,4900,169,499,399,4,2,87,4850
1681363688069,128018,40,31,180,44.05,110.45,4865.3225,111600041,4850,4900,169,499,399,4,2,13,4850
1681363688069,6127005,52,291,180,36.825,133.05,4899.56625,11800030,4850,4900,169,499,399,4,1,17,4850
1681363688069,128015,245,352,90,42.35,116.75,4944.3625,111200038,4900,4950,169,473,398,4,1,87,4900
1681363688069,38016,430,261,180,42.6,115.7,4928.82,112400038,4900,4950,169,474,398,4,1,153,4900
1681363688069,128015,316,207,90,42.35,116.75,4944.3625,111200038,4900,4950,169,474,398,4,1,87,4900
1681363688069,127017,33,28,270,39.125,125.4,4906.275,112400044,4900,4950,169,497,398,4,2,11,4900
1681363688069,171015,194,348,270,48.15,101.85,4904.0775,111600042,4900,4950,169,499,399,4,1,65,4900
1681363688069,33105,318,89,0,52.55,93.8,4929.19,11800019,4900,4950,169,499,399,4,2,107,4900
1681363688069,33105,98,299,0,52.55,93.8,4929.19,11800019,4900,4950,169,499,399,4,1,33,4900
1681363688069,171015,168,94,270,48.15,101.85,4904.0775,111600042,4900,4950,169,499,399,4,2,56,4900
1681363688069,33105,370,363,0,52.55,93.8,4929.19,11800019,4900,4950,169,499,399,4,1,32,4900
1681363688069,33105,158,208,0,52.55,93.8,4929.19,11800019,4900,4950,169,499,399,4,1,32,4900
1681363688069,38016,39,338,180,42.6,115.7,4928.82,112400038,4900,4950,169,499,399,4,1,152,4900
1681363688069,127017,219,81,270,39.125,125.4,4906.275,112400044,4900,4950,169,499,399,4,2,10,4900
1681363688069,938000,473,326,180,40.95,121.75,4985.6625,111000033,4950,5000,169,473,398,4,1,169,4950
1681363688069,181076,209,232,270,47.4,104.9,4972.26,111000040,4950,5000,169,473,398,4,1,74,4950
1681363688069,34027,190,39,180,52.4,95.2,4988.48,111000025,4950,5000,169,497,398,4,2,64,4950
1681363688069,31092,98,8,180,84.375,59.225,4997.109375,111400055,4950,5000,169,497,398,4,2,33,4950
1681363688069,31078,377,132,0,59.35,83.85,4976.4975,111100012,4950,5000,169,497,398,4,2,128,4950
1681363688069,6128004,434,183,90,43.8,113.05,4951.59,112100040,4950,5000,169,497,399,4,2,147,4950
1681363688069,6128004,365,271,90,43.8,113.05,4951.59,112100040,4950,5000,169,499,399,4,1,123,4950
1681363688069,31077,460,399,0,58.2,85.175,4957.185,111000011,4950,5000,169,499,399,4,1,155,4950
1681363688069,34027,284,10,180,52.4,95.2,4988.48,111000025,4950,5000,169,499,399,4,2,63,4950
1681363688069,38027,55,14,90,43.5,114.65,4987.275,11700026,4950,5000,169,499,399,4,2,18,4950
1681363688069,34027,81,192,180,52.4,95.2,4988.48,111000025,4950,5000,169,499,399,4,2,63,4950
1681363688069,31078,372,169,0,59.35,83.85,4976.4975,111100012,4950,5000,169,499,399,4,2,128,4950
1681363688069,31022,64,15,90,55.1,90.05,4961.755,112600022,4950,5000,169,499,399,4,2,21,4950
1681363688069,31077,166,125,0,58.2,85.175,4957.185,111000011,4950,5000,169,499,399,4,2,56,4950
1681363688069,34027,165,263,180,52.4,95.2,4988.48,111000025,4950,5000,169,499,399,4,1,55,4950
1681363688069,31092,203,383,180,84.375,59.225,4997.109375,111400055,4950,5000,169,499,399,4,1,68,4950
1681363688069,127016,140,152,270,39.975,125.4,5012.865,112200043,5000,5050,169,497,398,4,2,47,5000
1681363688069,37018,253,308,180,33.975,147.45,5009.61375,111300029,5000,5050,169,499,399,4,1,85,5000
1681363688069,37018,449,185,180,33.975,147.45,5009.61375,111300029,5000,5050,169,499,399,4,2,152,5000
1681363688069,310047,63,30,90,43.3,116.05,5024.965,11100041,5000,5050,169,499,399,4,2,21,5000
1681363688069,37012,341,116,180,40.225,126.35,5082.42875,11900025,5050,5100,169,474,398,4,2,121,5050
1681363688069,127000,459,229,180,36.3,139.6,5067.48,111100035,5050,5100,169,497,398,4,1,156,5050
1681363688069,128019,388,394,90,43.5,116.75,5078.625,111800042,5050,5100,169,497,399,4,1,131,5050
1681363688069,181089,394,235,270,55.1,91.9,5063.69,112200049,5050,5100,169,499,399,4,1,133,5050
1681363688069,128019,364,258,90,43.5,116.75,5078.625,111800042,5050,5100,169,499,399,4,1,130,5050
1681363688069,181089,293,249,270,55.1,91.9,5063.69,112200049,5050,5100,169,499,399,4,1,132,5050
1681363688069,37012,242,288,180,40.225,126.35,5082.42875,11900025,5050,5100,169,499,399,4,1,81,5050
1681363688069,181089,195,192,270,55.1,91.9,5063.69,112200049,5050,5100,169,499,399,4,2,66,5050
1681363688069,171019,258,263,270,84.325,59.975,5057.391875,112200046,5050,5100,169,499,399,4,1,85,5050
1681363688069,37013,95,332,270,39.725,127.3,5056.9925,111000026,5050,5100,169,499,399,4,1,32,5050
1681363688069,37013,226,233,270,39.725,127.3,5056.9925,111000026,5050,5100,169,499,399,4,1,31,5050
1681363688069,127056,392,334,270,37.575,135.3,5083.8975,111900042,5050,5100,169,499,399,4,1,132,5050
1681363688069,127000,317,335,180,36.3,139.6,5067.48,111100035,5050,5100,169,499,399,4,1,156,5050
1681363688069,37032,451,107,0,36.25,141.1,5114.875,11100018,5100,5150,169,497,398,4,2,153,5100
1681363688069,33107,199,292,180,54.5,93.7,5106.65,111000021,5100,5150,169,497,399,4,1,69,5100
1681363688069,37010,288,53,180,38.9,132.05,5136.745,11700023,5100,5150,169,499,399,4,2,97,5100
1681363688069,37010,297,75,180,38.9,132.05,5136.745,11700023,5100,5150,169,499,399,4,2,96,5100
1681363688069,127013,207,332,270,41,125.4,5141.4,112100042,5100,5150,169,499,399,4,1,70,5100
1681363688069,33107,494,263,180,54.5,93.7,5106.65,111000021,5100,5150,169,499,399,4,1,69,5100
1681363688069,181001,247,356,90,68.6,75.3,5165.58,112200047,5150,5200,169,497,398,4,1,83,5150
1681363688069,181001,330,287,90,68.6,75.3,5165.58,112200047,5150,5200,169,497,398,4,1,82,5150
1681363688069,37021,76,222,0,37.325,138.05,5152.71625,111600031,5150,5200,169,497,398,4,1,25,5150
1681363688069,127042,116,244,270,37.575,137.2,5155.29,11900034,5150,5200,169,497,399,4,1,39,5150
1681363688069,37017,264,280,0,40.75,127.1,5179.325,111200028,5150,5200,169,499,399,4,1,89,5150
1681363688069,171022,102,207,180,57.55,90.35,5199.6425,112500048,5150,5200,169,499,399,4,1,34,5150
1681363688069,127042,481,227,270,37.575,137.2,5155.29,11900034,5150,5200,169,499,399,4,1,38,5150
1681363688069,37021,234,242,0,37.325,138.05,5152.71625,111600031,5150,5200,169,499,399,4,1,24,5150
1681363688069,181001,56,36,90,68.6,75.3,5165.58,112200047,5150,5200,169,499,399,4,2,18,5150
1681363688069,31079,205,156,270,60.45,85.7,5180.565,111200013,5150,5200,169,499,399,4,2,69,5150
1681363688069,37017,374,183,0,40.75,127.1,5179.325,111200028,5150,5200,169,499,399,4,2,126,5150
1681363688069,37020,173,168,270,37.15,139.85,5195.4275,111400030,5150,5200,169,499,399,4,2,58,5150
1681363688069,181001,487,55,90,68.6,75.3,5165.58,112200047,5150,5200,169,499,399,4,2,18,5150
1681363688069,127042,390,315,270,37.575,137.2,5155.29,11900034,5150,5200,169,499,399,4,1,38,5150
1681363688069,127002,482,19,180,36.225,143.725,5206.438125,111200036,5200,5250,169,499,399,4,2,163,5200
1681363688069,127002,470,95,180,36.225,143.725,5206.438125,111200036,5200,5250,169,499,399,4,2,162,5200
1681363688069,181106,369,335,270,66.125,78.925,5218.915625,11600037,5200,5250,169,499,399,4,1,124,5200
1681363688069,181106,469,392,270,66.125,78.925,5218.915625,11600037,5200,5250,169,499,399,4,1,123,5200
1681363688069,127002,285,191,180,36.225,143.725,5206.438125,111200036,5200,5250,169,499,399,4,2,162,5200
1681363688069,33111,210,3,0,56.45,93.7,5289.365,111400025,5250,5300,169,497,398,4,2,71,5250
1681363688069,34013,127,16,90,51.85,101.6,5267.96,112100032,5250,5300,169,499,399,4,2,43,5250
1681363688069,181069,128,275,270,61.975,85.125,5275.621875,11700037,5250,5300,169,499,399,4,1,43,5250
1681363688069,628001,170,184,0,46.1,116.05,5349.905,112500042,5300,5350,169,497,398,4,2,54,5300
1681363688069,37068,476,87,180,38.575,137.45,5302.13375,11400022,5300,5350,169,499,399,4,2,161,5300
1681363688069,127059,466,169,270,38.825,136.55,5301.55375,112400045,5300,5350,169,499,399,4,2,157,5300
1681363688069,34016,90,374,180,54.55,97.4,5313.17,112500035,5300,5350,169,499,399,4,1,30,5300
1681363688069,127059,457,195,270,38.825,136.55,5301.55375,112400045,5300,5350,169,499,399,4,2,156,5300
1681363688069,31073,400,55,180,49.675,107.25,5327.64375,11600007,5300,5350,169,499,399,4,2,133,5300
1681363688069,628001,239,32,0,46.1,116.05,5349.905,112500042,5300,5350,169,499,399,4,2,54,5300
1681363688069,34023,102,208,0,54.7,98.65,5396.155,11600021,5350,5400,169,499,399,4,1,35,5350
1681363688069,34023,476,331,0,54.7,98.65,5396.155,11600021,5350,5400,169,499,399,4,1,35,5350
1681363688069,181064,164,54,90,65.1,83.125,5411.4375,11500035,5400,5450,169,499,399,4,2,52,5400
1681363688069,34029,74,22,270,57.1,95.4,5447.34,111200027,5400,5450,169,499,399,4,2,25,5400
1681363688069,181064,433,117,90,65.1,83.125,5411.4375,11500035,5400,5450,169,499,399,4,2,52,5400
1681363688069,38034,108,279,180,45.45,119.25,5419.9125,111100030,5400,5450,169,499,399,4,1,37,5400
1681363688069,38034,392,314,180,45.45,119.25,5419.9125,111100030,5400,5450,169,499,399,4,1,37,5400
1681363688069,33099,46,362,270,58,93.8,5440.4,11200013,5400,5450,169,499,399,4,1,15,5400
1681363688069,37054,479,64,0,39.675,136.825,5428.531875,112200036,5400,5450,169,499,399,4,2,162,5400
1681363688069,33117,34,164,180,54.55,99.65,5435.9075,112400031,5400,5450,169,499,399,4,2,11,5400
1681363688069,38034,181,162,180,45.45,119.25,5419.9125,111100030,5400,5450,169,499,399,4,2,61,5400
1681363688069,38034,100,104,180,45.45,119.25,5419.9125,111100030,5400,5450,169,499,399,4,2,61,5400
1681363688069,38036,328,76,270,43.025,126.4,5438.36,111300032,5400,5450,169,499,399,4,2,111,5400
1681363688069,33099,239,328,270,58,93.8,5440.4,11200013,5400,5450,200,499,399,5,1,95,5400
1681363688069,127047,172,211,270,39.925,135.925,5426.805625,111000035,5400,5450,200,499,399,5,1,68,5400
1681363688069,38034,83,5,180,45.45,119.25,5419.9125,111100030,5400,5450,200,499,399,5,2,33,5400
1681363688069,33117,265,381,180,54.55,99.65,5435.9075,112400031,5400,5450,200,499,399,5,1,106,5400
1681363688069,181105,371,350,90,66.575,82.55,5495.76625,11500036,5450,5500,200,499,399,5,1,148,5450
1681363688069,31090,467,202,180,83.625,65.275,5458.621875,111200053,5450,5500,200,499,399,5,1,187,5450
1681363688069,181105,421,89,90,66.575,82.55,5495.76625,11500036,5450,5500,200,499,399,5,2,168,5450
1681363688069,311022,443,225,270,63.35,87.35,5533.6225,11700049,5500,5550,200,497,398,5,1,178,5500
1681363688069,181081,181,40,90,70.025,78.925,5526.723125,111400044,5500,5550,200,499,399,5,2,72,5500
1681363688069,33115,303,129,90,59,93.3,5504.7,112100029,5500,5550,200,499,399,5,2,121,5500
1681363688069,181081,21,56,90,70.025,78.925,5526.723125,111400044,5500,5550,200,499,399,5,2,71,5500
1681363688069,34012,324,338,180,54.05,102.1,5518.505,111900031,5500,5550,200,499,399,5,1,129,5500
1681363688069,311022,121,212,270,63.35,87.35,5533.6225,11700049,5500,5550,200,499,399,5,1,177,5500
1681363688069,311022,301,149,270,63.35,87.35,5533.6225,11700049,5500,5550,200,499,399,5,2,120,5500
1681363688069,31095,173,359,0,88.625,62.55,5543.49375,111900058,5500,5550,200,499,399,5,1,69,5500
1681363688069,181032,157,236,90,62.1,89.7,5570.37,112200048,5550,5600,200,497,398,5,1,63,5550
1681363688069,33120,70,306,180,58.5,95.35,5577.975,11100013,5550,5600,200,497,398,5,1,28,5550
1681363688069,311021,479,396,180,78.65,70.65,5556.6225,112100019,5550,5600,200,499,399,5,1,191,5550
1681363688069,37038,209,369,90,40.625,137.125,5570.703125,11600023,5550,5600,200,499,399,5,1,83,5550
1681363688069,311036,419,351,90,68.3,81.85,5590.355,111300055,5550,5600,200,499,399,5,1,167,5550
1681363688069,181032,438,321,90,62.1,89.7,5570.37,112200048,5550,5600,200,499,399,5,1,62,5550
1681363688069,127036,298,92,90,44.3,127.5,5648.25,11400029,5600,5650,200,499,399,5,2,119,5600
1681363688069,38028,71,205,0,46.55,121.15,5639.5325,11800027,5600,5650,200,499,399,5,1,28,5600
1681363688069,127036,408,188,90,44.3,127.5,5648.25,11400029,5600,5650,200,499,399,5,2,118,5600
1681363688069,311095,359,378,180,80,71.05,5684,11800011,5650,5700,200,499,399,5,1,143,5650
1681363688069,37059,61,355,270,41.425,137.125,5680.403125,11100019,5650,5700,200,499,399,5,1,24,5650
1681363688069,937001,438,287,90,40.15,141.95,5699.2925,11800031,5650,5700,200,499,399,5,1,175,5650
1681363688069,181080,11,249,270,71.975,78.925,5680.626875,111300043,5650,5700,200,499,399,5,1,4,5650
1681363688069,34003,484,177,270,57.025,99.35,5665.43375,11800022,5650,5700,200,499,399,5,2,193,5650
1681363688069,937001,364,370,90,40.15,141.95,5699.2925,11800031,5650,5700,200,499,399,5,1,174,5650
1681363688069,311095,279,369,180,80,71.05,5684,11800011,5650,5700,200,499,399,5,1,142,5650
1681363688069,37036,43,10,0,44.059,128.641,5667.793819,11500022,5650,5700,200,499,399,5,2,17,5650
1681363688069,937001,264,273,90,40.15,141.95,5699.2925,11800031,5650,5700,200,499,399,5,1,174,5650
1681363688069,37059,112,118,270,41.425,137.125,5680.403125,11100019,5650,5700,200,499,399,5,2,44,5650
1681363688069,38037,162,272,270,46.7,122.5,5720.75,111400033,5700,5750,200,499,399,5,1,64,5700
1681363688069,31027,81,121,180,64.1,89.55,5740.155,11200003,5700,5750,200,499,399,5,2,32,5700
1681363688069,37035,306,263,90,44.3,129.575,5740.1725,11400021,5700,5750,200,499,399,5,1,122,5700
1681363688069,127038,148,373,90,39.05,147,5740.35,11600031,5700,5750,200,499,399,5,1,59,5700
1681363688069,311025,153,299,180,80,71.85,5748,112400021,5700,5750,200,499,399,5,1,61,5700
1681363688069,31027,320,323,180,64.1,89.55,5740.155,11200003,5700,5750,200,499,399,5,1,128,5700
1681363688069,34004,152,134,180,56.95,101.8,5797.51,11900023,5750,5800,200,499,399,5,2,60,5750
1681363688069,311031,177,358,90,78.85,73.3,5779.705,11200004,5750,5800,200,499,399,5,1,70,5750
1681363688069,31093,431,202,0,88.625,65.775,5829.309375,111600056,5800,5850,200,431,398,5,1,200,5800
1681363688069,311030,12,377,180,80,72.65,5812,11100003,5800,5850,200,497,398,5,1,4,5800
1681363688069,34006,269,310,180,59.3,98.25,5826.225,111100025,5800,5850,200,499,399,5,1,107,5800
1681363688069,33168,340,292,90,51.75,112.75,5834.8125,112200032,5800,5850,200,499,399,5,1,136,5800
1681363688069,311062,384,242,180,87.8,66.25,5816.75,11400007,5800,5850,200,499,399,5,1,153,5800
1681363688069,311062,160,375,180,87.8,66.25,5816.75,11400007,5800,5850,200,499,399,5,1,152,5800
1681363688069,181016,226,384,90,73.925,78.925,5834.530625,11800037,5800,5850,200,499,399,5,1,90,5800
1681363688069,181016,459,194,90,73.925,78.925,5834.530625,11800037,5800,5850,200,499,399,5,2,183,5800
1681363688069,311032,360,160,180,80,73.45,5876,11300005,5850,5900,200,497,399,5,2,144,5850
1681363688069,311063,411,268,180,89.1,65.85,5867.235,11500008,5850,5900,200,499,399,5,1,164,5850
1681363688069,311060,315,165,180,87.8,67.05,5886.99,11200005,5850,5900,200,499,399,5,2,126,5850
1681363688069,311063,295,286,180,89.1,65.85,5867.235,11500008,5850,5900,200,499,399,5,1,163,5850
1681363688069,37049,354,82,180,43.075,137.7,5931.4275,111800033,5900,5950,200,497,398,5,2,142,5900
1681363688069,311033,182,221,180,80,74.25,5940,11400006,5900,5950,200,499,399,5,1,72,5900
1681363688069,37049,155,360,180,43.075,137.7,5931.4275,111800033,5900,5950,200,499,399,5,1,62,5900
1681363688069,311061,45,370,180,89.1,66.65,5938.515,11300006,5900,5950,200,499,399,5,1,18,5900
1681363688069,311061,488,143,180,89.1,66.65,5938.515,11300006,5900,5950,200,499,399,5,2,195,5900
1681363688069,181109,405,291,270,71.1,83.8,5958.18,11800039,5950,6000,200,497,398,5,1,162,5950
1681363688069,181109,21,320,270,71.1,83.8,5958.18,11800039,5950,6000,200,497,399,5,1,161,5950
1681363688069,34021,401,369,0,60.05,99.5,5974.975,11400019,5950,6000,200,499,399,5,1,160,5950
1681363688069,187001,439,2,90,42.85,139.45,5975.4325,112600057,5950,6000,200,499,399,5,2,175,5950
1681363688069,37048,428,138,180,43.075,138.375,5960.503125,111600032,5950,6000,200,499,399,5,2,171,5950
1681363688069,37050,249,244,90,44.5,134.2,5971.9,111900034,5950,6000,200,499,399,5,1,99,5950
1681363688069,187001,159,389,90,42.85,139.45,5975.4325,112600057,5950,6000,200,499,399,5,1,64,5950
1681363688069,181115,381,288,90,59.45,101,6004.45,111400045,6000,6050,200,497,398,5,1,153,6000
1681363688069,311059,40,60,180,89.1,67.45,6009.795,11100004,6000,6050,200,497,398,5,2,16,6000
1681363688069,311052,398,150,180,87.8,68.65,6027.47,112100020,6000,6050,200,497,398,5,2,160,6000
1681363688069,311059,339,208,180,89.1,67.45,6009.795,11100004,6000,6050,200,499,399,5,1,135,6000
1681363688069,187002,435,237,90,42.85,140.55,6022.5675,11100037,6000,6050,200,499,399,5,1,174,6000
1681363688069,181115,283,233,90,59.45,101,6004.45,111400045,6000,6050,200,499,399,5,1,153,6000
1681363688069,181115,191,95,90,59.45,101,6004.45,111400045,6000,6050,200,499,399,5,2,76,6000
1681363688069,181115,45,35,90,59.45,101,6004.45,111400045,6000,6050,200,499,399,5,2,75,6000
1681363688069,311059,104,38,180,89.1,67.45,6009.795,11100004,6000,6050,200,499,399,5,2,15,6000
1681363688069,181115,193,197,90,59.45,101,6004.45,111400045,6000,6050,200,499,399,5,2,75,6000
1681363688069,311059,101,363,180,89.1,67.45,6009.795,11100004,6000,6050,200,499,399,5,1,134,6000
1681363688069,311050,280,349,180,87.8,69.45,6097.71,111800018,6050,6100,200,474,398,5,1,118,6050
1681363688069,311050,266,115,180,87.8,69.45,6097.71,111800018,6050,6100,200,497,398,5,2,107,6050
1681363688069,37034,232,283,0,42.875,141.625,6072.171875,11300020,6050,6100,200,499,399,5,1,92,6050
1681363688069,33106,214,297,270,53.75,112.75,6060.3125,11900020,6050,6100,200,499,399,5,1,85,6050
1681363688069,33106,256,84,270,53.75,112.75,6060.3125,11900020,6050,6100,200,499,399,5,2,102,6050
1681363688069,37034,236,111,0,42.875,141.625,6072.171875,11300020,6050,6100,200,499,399,5,2,94,6050
1681363688069,37034,162,7,0,42.875,141.625,6072.171875,11300020,6050,6100,200,499,399,5,2,93,6050
1681363688069,33137,274,342,0,49.3,123.95,6110.735,111800028,6100,6150,200,497,398,5,1,110,6100
1681363688069,33160,116,210,180,55.1,111.45,6140.895,111100024,6100,6150,200,499,399,5,1,46,6100
1681363688069,181114,476,380,270,76.45,80.125,6125.55625,111300044,6100,6150,200,499,399,5,1,190,6100
1681363688069,33167,420,345,90,55.5,110.2,6116.1,112100031,6100,6150,200,499,399,5,1,168,6100
1681363688069,33101,173,370,180,52.45,116.5,6110.425,11400015,6100,6150,200,499,399,5,1,70,6100
1681363688069,181114,373,75,270,76.45,80.125,6125.55625,111300044,6100,6150,200,499,399,5,2,149,6100
1681363688069,311051,362,228,180,89.1,69.05,6152.355,111900019,6150,6200,200,497,398,5,1,145,6150
1681363688069,33112,269,349,270,54.65,112.75,6161.7875,111600026,6150,6200,200,499,399,5,1,107,6150
1681363688069,37039,221,68,90,42.25,146.7,6198.075,11700024,6150,6200,200,499,399,5,2,88,6150
1681363688069,37039,116,28,90,42.25,146.7,6198.075,11700024,6150,6200,200,499,399,5,2,87,6150
1681363688069,311046,388,18,180,87.8,71.05,6238.19,111200014,6200,6250,200,474,398,5,2,163,6200
1681363688069,189043,126,194,90,61.45,101,6206.45,112500057,6200,6250,200,497,398,5,2,50,6200
1681363688069,311046,315,70,180,87.8,71.05,6238.19,111200014,6200,6250,200,497,398,5,2,162,6200
1681363688069,311049,207,61,180,89.1,69.85,6223.635,111600017,6200,6250,200,499,399,5,2,82,6200
1681363688069,171002,417,71,0,73.525,84.55,6216.53875,11600033,6200,6250,200,499,399,5,2,167,6200
1681363688069,311046,433,42,180,87.8,71.05,6238.19,111200014,6200,6250,200,499,399,5,2,162,6200
1681363688069,33092,176,197,0,51.5,120.95,6228.925,112100028,6200,6250,200,499,399,5,2,70,6200
1681363688069,171002,195,139,0,73.525,84.55,6216.53875,11600033,6200,6250,200,499,399,5,2,166,6200
1681363688069,311046,313,93,180,87.8,71.05,6238.19,111200014,6200,6250,200,499,399,5,2,162,6200
1681363688069,189043,33,103,90,61.45,101,6206.45,112500057,6200,6250,200,499,399,5,2,49,6200
1681363688069,33150,186,207,0,49.3,126.65,6243.845,11700020,6200,6250,200,499,399,5,1,74,6200
1681363688069,39087,260,163,0,71.825,87.325,6272.118125,11300024,6250,6300,200,497,398,5,2,104,6250
1681363688069,33021,492,6,270,54.65,114.45,6254.6925,11700015,6250,6300,200,499,399,5,2,197,6250
1681363688069,33116,481,361,90,56.35,111.1,6260.485,112200030,6250,6300,200,499,399,5,1,192,6250
1681363688069,34000,482,87,0,63.275,99.1,6270.5525,11500019,6250,6300,200,499,399,5,2,193,6250
1681363688069,33058,455,145,0,52.45,119.95,6291.3775,111200021,6250,6300,200,499,399,5,2,182,6250
1681363688069,33135,126,111,90,55.55,112.75,6263.2625,111400026,6250,6300,200,499,399,5,2,50,6250
1681363688069,33135,267,233,90,55.55,112.75,6263.2625,111400026,6250,6300,200,499,399,5,1,108,6250
1681363688069,37053,260,104,180,43.275,144.75,6264.05625,112100035,6250,6300,200,499,399,5,2,104,6250
1681363688069,33136,335,395,180,50.9,124.4,6331.96,111600027,6300,6350,200,497,398,5,1,134,6300
1681363688069,179011,429,136,0,76,83.25,6327,112100046,6300,6350,200,497,398,5,2,172,6300
1681363688069,179009,244,345,90,70.7,89.475,6325.8825,111800044,6300,6350,200,499,399,5,1,97,6300
1681363688069,33136,248,335,180,50.9,124.4,6331.96,111600027,6300,6350,200,499,399,5,1,133,6300
1681363688069,311044,375,376,180,87.8,71.85,6308.43,111000012,6300,6350,200,499,399,5,1,150,6300
1681363688069,33019,235,188,270,54.65,116.15,6347.5975,11500013,6300,6350,200,499,399,5,2,94,6300
1681363688069,311044,25,65,180,87.8,71.85,6308.43,111000012,6300,6350,200,499,399,5,2,10,6300
1681363688069,311044,88,260,180,87.8,71.85,6308.43,111000012,6300,6350,200,499,399,5,1,149,6300
1681363688069,311044,138,216,180,87.8,71.85,6308.43,111000012,6300,6350,200,499,399,5,1,149,6300
1681363688069,179009,279,152,90,70.7,89.475,6325.8825,111800044,6300,6350,200,499,399,5,2,111,6300
1681363688069,311045,206,154,180,89.1,71.45,6366.195,111100013,6350,6400,200,474,398,5,2,86,6350
1681363688069,31096,340,223,90,94.725,67.275,6372.624375,112100059,6350,6400,200,497,399,5,1,136,6350
1681363688069,311041,437,368,180,87.8,72.65,6378.67,11800010,6350,6400,200,499,399,5,1,175,6350
1681363688069,33141,377,150,180,50.9,125.3,6377.77,112400032,6350,6400,200,499,399,5,2,151,6350
1681363688069,33141,142,233,180,50.9,125.3,6377.77,112400032,6350,6400,200,499,399,5,1,56,6350
1681363688069,31096,327,328,90,94.725,67.275,6372.624375,112100059,6350,6400,200,499,399,5,1,136,6350
1681363688069,34025,310,355,90,57.3,111.05,6363.165,11800023,6350,6400,200,499,399,5,1,124,6350
1681363688069,31096,152,203,90,94.725,67.275,6372.624375,112100059,6350,6400,200,499,399,5,1,136,6350
1681363688069,33145,167,351,180,50.9,126.2,6423.58,11200015,6400,6450,200,497,399,5,1,67,6400
1681363688069,33145,151,376,180,50.9,126.2,6423.58,11200015,6400,6450,200,499,399,5,1,66,6400
1681363688069,311039,79,163,180,87.8,73.45,6448.91,11600008,6400,6450,200,499,399,5,2,31,6400
1681363688069,311039,94,97,180,87.8,73.45,6448.91,11600008,6400,6450,200,499,399,5,2,30,6400
1681363688069,311039,318,223,180,87.8,73.45,6448.91,11600008,6400,6450,200,499,399,5,1,127,6400
1681363688069,311039,276,110,180,87.8,73.45,6448.91,11600008,6400,6450,200,499,399,5,2,30,6400
1681363688069,33024,209,10,90,53.75,119.55,6425.8125,11800016,6400,6450,200,499,399,5,2,83,6400
1681363688069,311042,488,319,180,89.1,72.25,6437.475,11900011,6400,6450,200,499,399,5,1,195,6400
1681363688069,311042,396,320,180,89.1,72.25,6437.475,11900011,6400,6450,200,499,399,5,1,194,6400
1681363688069,33134,106,209,90,57.3,112.7,6457.71,111300025,6450,6500,200,473,398,5,1,44,6450
1681363688069,33130,98,219,270,55.55,116.15,6452.1325,11900021,6450,6500,200,497,398,5,1,39,6450
1681363688069,33134,414,18,90,57.3,112.7,6457.71,111300025,6450,6500,200,497,398,5,2,166,6450
1681363688069,189075,304,370,270,73.225,88.125,6452.953125,11500042,6450,6500,200,497,398,5,1,122,6450
1681363688069,189075,430,64,270,73.225,88.125,6452.953125,11500042,6450,6500,200,499,399,5,2,172,6450
1681363688069,33149,78,346,180,50.9,127.1,6469.39,11600019,6450,6500,200,499,399,5,1,31,6450
1681363688069,33130,331,331,270,55.55,116.15,6452.1325,11900021,6450,6500,200,499,399,5,1,38,6450
1681363688069,33040,311,138,270,52.8,122.95,6491.76,112500029,6450,6500,200,499,399,5,2,124,6450
1681363688069,33149,273,94,180,50.9,127.1,6469.39,11600019,6450,6500,200,499,399,5,2,109,6450
1681363688069,189075,273,207,270,73.225,88.125,6452.953125,11500042,6450,6500,200,499,399,5,1,122,6450
1681363688069,33076,397,376,90,53.75,121.25,6517.1875,11200012,6500,6550,200,497,398,5,1,159,6500
1681363688069,189018,40,65,270,66.15,98.3,6502.545,111300049,6500,6550,200,497,398,5,2,14,6500
1681363688069,37067,275,53,180,44.525,146.625,6528.478125,11300021,6500,6550,200,497,398,5,2,110,6500
1681363688069,33076,300,180,90,53.75,121.25,6517.1875,11200012,6500,6550,200,497,398,5,2,121,6500
1681363688069,33127,107,36,90,54.65,119.55,6533.4075,11600018,6500,6550,200,497,398,5,2,43,6500
1681363688069,33020,165,395,90,55.55,117.85,6546.5675,11600014,6500,6550,200,499,399,5,1,66,6500
1681363688069,37067,99,41,180,44.525,146.625,6528.478125,11300021,6500,6550,200,499,399,5,2,109,6500
1681363688069,33020,88,310,90,55.55,117.85,6546.5675,11600014,6500,6550,200,499,399,5,1,65,6500
1681363688069,127035,298,95,180,45.125,144.75,6531.84375,11300028,6500,6550,200,499,399,5,2,117,6500
1681363688069,33055,352,331,90,57.3,114.45,6557.985,11900018,6550,6600,200,472,398,5,1,149,6550
1681363688069,33098,302,378,90,58.2,112.7,6559.14,11100012,6550,6600,200,497,398,5,1,121,6550
1681363688069,189019,280,196,180,65.75,99.7,6555.275,111400050,6550,6600,200,497,398,5,2,112,6550
1681363688069,33055,156,79,90,57.3,114.45,6557.985,11900018,6550,6600,200,497,398,5,2,62,6550
1681363688069,311038,494,76,180,89.1,73.85,6580.035,11500007,6550,6600,200,499,399,5,2,197,6550
1681363688069,33055,131,52,90,57.3,114.45,6557.985,11900018,6550,6600,200,499,399,5,2,61,6550
1681363688069,33161,492,339,270,59.1,111.05,6563.055,111200025,6550,6600,200,499,399,5,1,197,6550
1681363688069,189079,166,90,0,76.025,86.5,6576.1625,11700044,6550,6600,200,499,399,5,2,66,6550
1681363688069,33072,203,242,270,56.4,116.15,6550.86,112400029,6550,6600,200,499,399,5,1,81,6550
1681363688069,189017,242,3,180,67.5,97.9,6608.25,111200048,6600,6650,200,499,399,5,2,96,6600
1681363688069,33096,438,308,90,53.75,122.95,6608.5625,112600032,6600,6650,200,499,399,5,1,176,6600
1681363688069,33091,168,162,90,55.55,119.55,6641.0025,111900027,6600,6650,200,499,399,5,2,67,6600
1681363688069,33170,3,106,270,53.75,124.65,6699.9375,112500034,6650,6700,200,497,398,5,2,1,6650
1681363688069,33074,216,363,270,52.8,126.35,6671.28,112600031,6650,6700,200,497,398,5,1,86,6650
1681363688069,33054,282,220,90,58.2,114.45,6660.99,11800017,6650,6700,200,499,399,5,1,113,6650
1681363688069,33170,211,30,270,53.75,124.65,6699.9375,112500034,6650,6700,200,499,399,5,2,0,6650
1681363688069,33054,19,220,90,58.2,114.45,6660.99,11800017,6650,6700,200,499,399,5,1,112,6650
1681363688069,33123,431,90,270,59.1,112.75,6663.525,11300015,6650,6700,200,499,399,5,2,173,6650
1681363688069,33060,379,256,270,54.65,122.95,6719.2175,111400023,6700,6750,200,497,398,5,1,152,6700
1681363688069,33060,89,368,270,54.65,122.95,6719.2175,111400023,6700,6750,200,497,398,5,1,151,6700
1681363688069,33086,12,247,90,55.55,121.25,6735.4375,111200022,6700,6750,200,499,399,5,1,2,6700
1681363688069,179010,203,356,180,75.5,88.95,6715.725,111900045,6700,6750,200,499,399,5,1,81,6700
1681363688069,33036,185,292,270,57.3,117.85,6752.805,112100026,6750,6800,200,497,398,5,1,74,6750
1681363688069,33079,144,227,270,53.75,126.35,6791.3125,11500015,6750,6800,200,497,398,5,1,57,6750
1681363688069,33077,131,104,90,59.1,114.45,6763.995,11300013,6750,6800,200,499,399,5,2,52,6750
1681363688069,33079,308,245,270,53.75,126.35,6791.3125,11500015,6750,6800,200,499,399,5,1,56,6750
1681363688069,33079,246,331,270,53.75,126.35,6791.3125,11500015,6750,6800,200,499,399,5,1,56,6750
1681363688069,33036,251,258,270,57.3,117.85,6752.805,112100026,6750,6800,200,499,399,5,1,74,6750
1681363688069,33031,419,320,90,56.4,121.25,6838.5,111400022,6800,6850,200,499,399,5,1,165,6800
1681363688069,33102,49,366,270,54.65,124.65,6812.1225,11500016,6800,6850,200,499,399,5,1,19,6800
1681363688069,33108,166,397,90,55.55,123.05,6835.4275,111100022,6800,6850,200,499,399,5,1,59,6800
1681363688069,33121,32,31,270,60.9,112.75,6866.475,11200014,6850,6900,200,499,399,5,2,12,6850
1681363688069,33121,58,268,270,60.9,112.75,6866.475,11200014,6850,6900,200,499,399,5,1,23,6850
1681363688069,33121,267,344,270,60.9,112.75,6866.475,11200014,6850,6900,200,499,399,5,1,22,6850
1681363688069,33035,280,260,270,58.2,117.85,6858.87,111900025,6850,6900,200,499,399,5,1,112,6850
1681363688069,33030,151,324,270,57.3,121.25,6947.625,111300021,6900,6950,200,497,398,5,1,57,6900
1681363688069,185002,121,40,270,62.575,110.725,6928.616875,111900052,6900,6950,200,497,398,5,2,48,6900
1681363688069,33034,246,55,270,56.4,122.95,6934.38,111800024,6900,6950,200,497,399,5,2,98,6900
1681363688069,33034,22,263,270,56.4,122.95,6934.38,111800024,6900,6950,200,499,399,5,1,8,6900
1681363688069,39081,52,321,90,75.4,92,6936.8,112500041,6900,6950,200,499,399,5,1,20,6900
1681363688069,185002,3,64,270,62.575,110.725,6928.616875,111900052,6900,6950,200,499,399,5,2,47,6900
1681363688069,33034,390,221,270,56.4,122.95,6934.38,111800024,6900,6950,200,499,399,5,1,7,6900
1681363688069,33030,477,11,270,57.3,121.25,6947.625,111300021,6900,6950,200,499,399,5,2,191,6900
1681363688069,185002,494,288,270,62.575,110.725,6928.616875,111900052,6900,6950,200,499,399,5,1,197,6900
1681363688069,33017,183,106,90,59.1,117.85,6964.935,11400012,6950,7000,200,497,398,5,2,73,6950
1681363688069,33025,75,47,270,58.2,119.55,6957.81,11900017,6950,7000,200,497,398,5,2,30,6950
1681363688069,39008,296,378,0,71.3,98.15,6998.095,11800028,6950,7000,200,499,399,5,1,118,6950
1681363688069,39008,320,135,0,71.3,98.15,6998.095,11800028,6950,7000,200,499,399,5,2,128,6950
1681363688069,33017,463,132,90,59.1,117.85,6964.935,11400012,6950,7000,200,499,399,5,2,72,6950
1681363688069,33000,167,178,270,64.7,108.95,7049.065,11900016,7000,7050,200,499,399,5,2,64,7000
1681363688069,33166,257,358,90,55.55,126.35,7018.7425,111900030,7000,7050,200,499,399,5,1,103,7000
1681363688069,33065,103,240,90,57.3,122.95,7045.035,111600024,7000,7050,200,499,399,5,1,41,7000
1681363688069,33065,374,278,90,57.3,122.95,7045.035,111600024,7000,7050,200,499,399,5,1,40,7000
1681363688069,33065,471,103,90,57.3,122.95,7045.035,111600024,7000,7050,200,499,399,5,2,188,7000
1681363688069,33032,313,233,270,59.1,119.55,7065.405,111600023,7050,7100,200,473,398,5,1,132,7050
1681363688069,33070,474,256,270,56.65,124.65,7061.4225,112100027,7050,7100,200,474,398,5,1,198,7050
1681363688069,33070,491,392,270,56.65,124.65,7061.4225,112100027,7050,7100,200,497,398,5,1,198,7050
1681363688069,33032,10,242,270,59.1,119.55,7065.405,111600023,7050,7100,200,497,399,5,1,131,7050
1681363688069,33144,147,144,90,62.7,112.75,7069.425,11100014,7050,7100,200,499,399,5,2,58,7050
1681363688069,33049,129,92,90,61.8,114.45,7073.01,11400013,7050,7100,200,499,399,5,2,52,7050
1681363688069,33070,358,228,270,56.65,124.65,7061.4225,112100027,7050,7100,200,499,399,5,1,198,7050
1681363688069,33042,220,45,90,60,117.85,7071,11100010,7050,7100,200,499,399,5,2,88,7050
1681363688069,33070,152,310,270,56.65,124.65,7061.4225,112100027,7050,7100,187,499,399,6,1,56,7050
1681363688069,33144,124,132,90,62.7,112.75,7069.425,11100014,7050,7100,187,499,399,6,2,46,7050
1681363688069,179008,36,379,0,75.2,94.9,7136.48,111600043,7100,7150,187,472,398,6,1,14,7100
1681363688069,33003,400,22,270,56.45,126.35,7132.4575,111200019,7100,7150,187,497,398,6,2,150,7100
1681363688069,33073,231,315,270,52.65,135.65,7141.9725,112500030,7100,7150,187,499,399,6,1,86,7100
1681363688069,33003,170,324,270,56.45,126.35,7132.4575,111200019,7100,7150,187,499,399,6,1,63,7100
1681363688069,179008,16,122,0,75.2,94.9,7136.48,111600043,7100,7150,187,499,399,6,2,5,7100
1681363688069,33003,285,292,270,56.45,126.35,7132.4575,111200019,7100,7150,187,499,399,6,1,62,7100
1681363688069,33003,367,196,270,56.45,126.35,7132.4575,111200019,7100,7150,187,499,399,6,2,149,7100
1681363688069,33047,337,362,90,60.9,117.85,7177.065,11300012,7150,7200,187,497,398,6,1,126,7150
1681363688069,33087,138,207,90,63.6,112.55,7158.18,111300023,7150,7200,187,497,398,6,1,51,7150
1681363688069,33151,227,84,270,58.2,122.95,7155.69,11800021,7150,7200,187,497,398,6,2,85,7150
1681363688069,33047,409,182,90,60.9,117.85,7177.065,11300012,7150,7200,187,497,398,6,2,153,7150
1681363688069,33147,306,25,90,62.7,114.45,7176.015,11400017,7150,7200,187,497,399,6,2,115,7150
1681363688069,33011,391,240,0,57.9,124.15,7188.285,112400027,7150,7200,187,499,399,6,1,146,7150
1681363688069,33147,228,313,90,62.7,114.45,7176.015,11400017,7150,7200,187,499,399,6,1,85,7150
1681363688069,33147,59,33,90,62.7,114.45,7176.015,11400017,7150,7200,187,499,399,6,2,114,7150
1681363688069,33147,215,197,90,62.7,114.45,7176.015,11400017,7150,7200,187,499,399,6,2,114,7150
1681363688069,34011,161,372,180,51.15,140.6,7191.69,111800030,7150,7200,187,499,399,6,1,60,7150
1681363688069,33011,201,3,0,57.9,124.15,7188.285,112400027,7150,7200,187,499,399,6,2,75,7150
1681363688069,34011,45,313,180,51.15,140.6,7191.69,111800030,7150,7200,187,499,399,6,1,59,7150
1681363688069,33011,145,203,0,57.9,124.15,7188.285,112400027,7150,7200,187,499,399,6,1,145,7150
1681363688069,33151,311,300,270,58.2,122.95,7155.69,11800021,7150,7200,187,499,399,6,1,116,7150
1681363688069,33103,113,315,180,57.9,125.05,7240.395,11600017,7200,7250,187,472,398,6,1,44,7200
1681363688069,310060,416,5,0,51,141.825,7233.075,111100011,7200,7250,187,474,398,6,2,164,7200
1681363688069,33103,401,65,180,57.9,125.05,7240.395,11600017,7200,7250,187,499,399,6,2,150,7200
1681363688069,33103,92,301,180,57.9,125.05,7240.395,11600017,7200,7250,187,499,399,6,1,43,7200
1681363688069,33153,458,387,270,59.125,122.95,7269.41875,111000023,7250,7300,187,497,398,6,1,172,7250
1681363688069,33085,114,14,0,53.95,134.4,7250.88,111100021,7250,7300,187,497,398,6,2,42,7250
1681363688069,33139,104,111,270,62.7,116.15,7282.605,112100030,7250,7300,187,499,399,6,2,38,7250
1681363688069,189076,41,261,90,74.2,97.9,7264.18,11600043,7250,7300,187,499,399,6,1,15,7250
1681363688069,33139,487,98,270,62.7,116.15,7282.605,112100030,7250,7300,187,499,399,6,2,37,7250
1681363688069,33027,275,296,90,60.45,120.175,7264.57875,111100019,7250,7300,187,499,399,6,1,103,7250
1681363688069,33009,100,31,90,63.6,114.45,7279.02,112100025,7250,7300,187,499,399,6,2,37,7250
1681363688069,33009,364,58,90,63.6,114.45,7279.02,112100025,7250,7300,187,499,399,6,2,36,7250
1681363688069,33085,117,104,0,53.95,134.4,7250.88,111100021,7250,7300,187,499,399,6,2,41,7250
1681363688069,9310002,322,94,180,51.15,144.65,7398.8475,112600044,7350,7400,187,497,398,6,2,121,7350
1681363688069,33057,340,74,270,60.05,122.95,7383.1475,111100020,7350,7400,187,497,399,6,2,127,7350
1681363688069,9310002,442,121,180,51.15,144.65,7398.8475,112600044,7350,7400,187,499,399,6,2,120,7350
1681363688069,189072,10,350,180,67.925,108.35,7359.67375,11200039,7350,7400,187,499,399,6,1,3,7350
1681363688069,33143,419,388,270,63.6,116.15,7387.14,112600034,7350,7400,187,499,399,6,1,157,7350
1681363688069,33104,40,39,180,63.1,117.4,7407.94,11700018,7400,7450,187,497,398,6,2,15,7400
1681363688069,33132,12,334,90,60.9,122.95,7487.655,111100023,7450,7500,187,499,399,6,1,4,7450
1681363688069,33100,65,313,90,60.05,124.65,7485.2325,11300014,7450,7500,187,499,399,6,1,24,7450
1681363688069,39083,126,397,180,71.5,104.7,7486.05,11100022,7450,7500,187,499,399,6,1,47,7450
1681363688069,185026,32,318,180,65,115.725,7522.125,112200054,7500,7550,187,497,398,6,1,12,7500
1681363688069,185026,321,129,180,65,115.725,7522.125,112200054,7500,7550,187,497,399,6,2,120,7500
1681363688069,34022,417,346,0,56,134.4,7526.4,11500020,7500,7550,187,497,399,6,1,156,7500
1681363688069,185026,323,23,180,65,115.725,7522.125,112200054,7500,7550,187,499,399,6,2,119,7500
1681363688069,189013,79,370,180,71.5,105.7,7557.55,111000046,7550,7600,187,499,399,6,1,29,7550
1681363688069,33089,396,22,90,60.95,124.65,7597.4175,111600025,7550,7600,187,499,399,6,2,148,7550
1681363688069,33152,164,316,180,65,116.725,7587.125,11900022,7550,7600,187,499,399,6,1,61,7550
1681363688069,33089,88,147,90,60.95,124.65,7597.4175,111600025,7550,7600,187,499,399,6,2,147,7550
1681363688069,39075,234,90,180,70.55,108.35,7644.0925,112400040,7600,7650,187,473,398,6,2,92,7600
1681363688069,33138,182,186,180,62.3,122.5,7631.75,111900029,7600,7650,187,497,399,6,2,68,7600
1681363688069,33007,286,25,270,62.7,121.25,7602.375,111800023,7600,7650,187,499,399,6,2,107,7600
1681363688069,33059,377,146,90,63.6,119.55,7603.38,111300022,7600,7650,187,499,399,6,2,141,7600
1681363688069,33059,425,178,90,63.6,119.55,7603.38,111300022,7600,7650,187,499,399,6,2,140,7600
1681363688069,39075,368,365,180,70.55,108.35,7644.0925,112400040,7600,7650,187,499,399,6,1,137,7600
1681363688069,33059,92,274,90,63.6,119.55,7603.38,111300022,7600,7650,187,499,399,6,1,34,7600
1681363688069,39075,446,229,180,70.55,108.35,7644.0925,112400040,7600,7650,187,499,399,6,1,136,7600
1681363688069,33165,324,257,90,61.9,124.65,7715.835,111800029,7700,7750,187,497,398,6,1,121,7700
1681363688069,33126,157,17,90,64.5,119.55,7710.975,11500017,7700,7750,187,499,399,6,2,58,7700
1681363688069,33095,287,166,270,63.6,121.25,7711.5,112500031,7700,7750,187,499,399,6,2,107,7700
1681363688069,33174,140,90,180,61.55,126.35,7776.8425,11300017,7750,7800,187,497,398,6,2,52,7750
1681363688069,33016,64,311,270,60.1,129.7,7794.97,11300011,7750,7800,187,499,399,6,1,23,7750
1681363688069,35009,291,11,180,69.15,113,7813.95,111800031,7800,7850,187,497,398,6,2,109,7800
1681363688069,35000,425,152,270,63.6,123.025,7824.39,111600030,7800,7850,187,497,398,6,2,159,7800
1681363688069,1815039,91,236,180,89.4,87.3,7804.62,11600041,7800,7850,187,497,398,6,1,34,7800
1681363688069,33128,156,215,270,62.8,124.65,7828.02,11700019,7800,7850,187,497,399,6,1,58,7800
1681363688069,1815039,143,341,180,89.4,87.3,7804.62,11600041,7800,7850,187,499,399,6,1,34,7800
1681363688069,39089,479,273,180,70.4,111,7814.4,11500026,7800,7850,187,499,399,6,1,179,7800
1681363688069,1815039,177,327,180,89.4,87.3,7804.62,11600041,7800,7850,187,499,399,6,1,34,7800
1681363688069,35000,413,217,270,63.6,123.025,7824.39,111600030,7800,7850,187,499,399,6,1,154,7800
1681363688069,185018,6,226,270,67.4,116.85,7875.69,112100053,7850,7900,187,497,398,6,1,2,7850
1681363688069,39088,408,234,0,75.4,104.2,7856.68,11400025,7850,7900,187,497,398,6,1,153,7850
1681363688069,20815000,204,276,180,89.4,88.3,7894.02,11900046,7850,7900,187,499,399,6,1,76,7850
1681363688069,39088,246,76,0,75.4,104.2,7856.68,11400025,7850,7900,187,499,399,6,2,92,7850
1681363688069,20815000,280,271,180,89.4,88.3,7894.02,11900046,7850,7900,187,499,399,6,1,75,7850
1681363688069,185018,142,308,270,67.4,116.85,7875.69,112100053,7850,7900,187,499,399,6,1,1,7850
1681363688069,20815000,151,107,180,89.4,88.3,7894.02,11900046,7850,7900,187,499,399,6,2,56,7850
1681363688069,35012,115,170,180,68.85,115.3,7938.405,112200034,7900,7950,187,497,398,6,2,43,7900
1681363688069,35012,349,20,180,68.85,115.3,7938.405,112200034,7900,7950,187,497,398,6,2,42,7900
1681363688069,35012,394,200,180,68.85,115.3,7938.405,112200034,7900,7950,187,499,399,6,1,147,7900
1681363688069,35012,434,92,180,68.85,115.3,7938.405,112200034,7900,7950,187,499,399,6,2,42,7900
1681363688069,34007,448,260,270,57.55,139.8,8045.49,111200026,8000,8050,187,499,399,6,1,167,8000
1681363688069,34007,452,281,270,57.55,139.8,8045.49,111200026,8000,8050,187,499,399,6,1,166,8000
1681363688069,34002,424,268,270,56.2,142.725,8021.145,11700021,8000,8050,187,499,399,6,1,158,8000
1681363688069,34002,409,334,270,56.2,142.725,8021.145,11700021,8000,8050,187,499,399,6,1,157,8000
1681363688069,1810069,6,343,90,55.1,146.3,8061.13,11200031,8050,8100,187,499,399,6,1,0,8050
1681363688069,185028,381,104,0,68.85,117.25,8072.6625,112400055,8050,8100,187,499,399,6,2,142,8050
1681363688069,39021,308,46,0,75.425,107.5,8108.1875,111000030,8100,8150,187,499,399,6,2,115,8100
1681363688069,33015,278,239,90,67.7,120,8124,11200010,8100,8150,187,499,399,6,1,104,8100
1681363688069,1814020,44,216,90,54.05,151.3,8177.765,11400039,8150,8200,187,499,399,6,1,16,8150
1681363688069,1814020,92,49,90,54.05,151.3,8177.765,11400039,8150,8200,187,499,399,6,2,34,8150
1681363688069,34005,414,294,270,57.7,142.725,8235.2325,111000024,8200,8250,187,497,398,6,1,155,8200
1681363688069,34005,150,105,270,57.7,142.725,8235.2325,111000024,8200,8250,187,497,398,6,2,56,8200
1681363688069,33001,197,380,0,60.925,134.725,8208.120625,111000017,8200,8250,187,499,399,6,1,73,8200
1681363688069,33001,129,306,0,60.925,134.725,8208.120625,111000017,8200,8250,187,499,399,6,1,72,8200
1681363688069,39022,216,378,0,75.45,110.775,8357.97375,111100031,8350,8400,187,497,398,6,1,81,8350
1681363688069,182015,303,282,180,81.1,103.3,8377.63,111100046,8350,8400,187,499,399,6,1,113,8350
1681363688069,182015,120,78,180,81.1,103.3,8377.63,111100046,8350,8400,187,499,399,6,2,44,8350
1681363688069,34010,7,238,180,59.875,140.4,8406.45,111600029,8400,8450,187,474,398,6,1,4,8400
1681363688069,32013,240,91,180,80.5,104.75,8432.375,11400010,8400,8450,187,474,398,6,2,94,8400
1681363688069,34001,202,187,270,59.2,142.725,8449.32,11600020,8400,8450,187,497,398,6,2,76,8400
1681363688069,34001,8,357,270,59.2,142.725,8449.32,11600020,8400,8450,187,499,399,6,1,5,8400
1681363688069,34008,71,276,180,60.55,138.85,8407.3675,111300027,8400,8450,187,499,399,6,1,26,8400
1681363688069,34001,29,262,270,59.2,142.725,8449.32,11600020,8400,8450,187,499,399,6,1,5,8400
1681363688069,32013,91,16,180,80.5,104.75,8432.375,11400010,8400,8450,187,499,399,6,2,93,8400
1681363688069,32013,267,213,180,80.5,104.75,8432.375,11400010,8400,8450,187,499,399,6,1,100,8400
1681363688069,34001,422,141,270,59.2,142.725,8449.32,11600020,8400,8450,187,499,399,6,2,75,8400
1681363688069,32013,209,88,180,80.5,104.75,8432.375,11400010,8400,8450,187,499,399,6,2,93,8400
1681363688069,33014,99,379,90,70.7,120,8484,11100009,8450,8500,187,497,399,6,1,37,8450
1681363688069,33014,219,317,90,70.7,120,8484,11100009,8450,8500,187,499,399,6,1,36,8450
1681363688069,33078,41,299,0,62.35,136.85,8532.5975,11400014,8500,8550,187,499,399,6,1,16,8500
1681363688069,33078,85,366,0,62.35,136.85,8532.5975,11400014,8500,8550,187,499,399,6,1,16,8500
1681363688069,39023,226,152,0,75.4,114,8595.6,111200032,8550,8600,187,499,399,6,2,84,8550
1681363688069,33004,495,105,0,62.35,137.85,8594.9475,111300020,8550,8600,187,499,399,6,2,185,8550
1681363688069,33004,320,267,0,62.35,137.85,8594.9475,111300020,8550,8600,187,499,399,6,1,119,8550
1681363688069,32048,361,304,0,80.5,106.5,8573.25,112600028,8550,8600,187,499,399,6,1,135,8550
1681363688069,181112,334,36,90,59.25,145.875,8643.09375,111100042,8600,8650,187,473,398,6,2,132,8600
1681363688069,181112,147,52,90,59.25,145.875,8643.09375,111100042,8600,8650,187,497,398,6,2,131,8600
1681363688069,32049,355,385,0,79.6,108.25,8616.7,11100008,8600,8650,187,499,399,6,1,133,8600
1681363688069,34028,301,59,90,62.275,139.275,8673.350625,111100026,8650,8700,187,499,399,6,2,112,8650
1681363688069,34030,363,156,90,62.275,141.1,8787.0025,111300028,8750,8800,187,497,398,6,2,136,8750
1681363688069,39024,9,11,180,75.75,116.125,8796.46875,111300033,8750,8800,187,499,399,6,2,3,8750
1681363688069,34030,143,384,90,62.275,141.1,8787.0025,111300028,8750,8800,187,499,399,6,1,53,8750
1681363688069,49002,12,296,90,73.85,119.85,8850.9225,112100039,8850,8900,187,499,399,6,1,6,8850
1681363688069,32023,334,85,0,80.425,110.325,8872.888125,11800014,8850,8900,187,499,399,6,2,125,8850
1681363688069,32023,488,128,0,80.425,110.325,8872.888125,11800014,8850,8900,187,499,399,6,2,124,8850
1681363688069,181110,429,177,90,62.275,143.025,8906.881875,11900040,8900,8950,187,497,398,6,2,161,8900
1681363688069,181110,411,318,90,62.275,143.025,8906.881875,11900040,8900,8950,187,499,399,6,1,151,8900
1681363688069,181110,292,212,90,62.275,143.025,8906.881875,11900040,8900,8950,187,499,399,6,1,151,8900
1681363688069,171014,112,88,270,61.825,145.7,9007.9025,111400041,9000,9050,187,499,399,6,2,41,9000
1681363688069,171014,478,63,270,61.825,145.7,9007.9025,111400041,9000,9050,187,499,399,6,2,40,9000
1681363688069,171014,84,70,270,61.825,145.7,9007.9025,111400041,9000,9050,187,499,399,6,2,40,9000
1681363688069,171024,39,243,90,65.1,139.225,9063.5475,11100029,9050,9100,187,474,398,6,1,12,9050
1681363688069,32035,346,157,270,84.65,107.1,9066.015,111300019,9050,9100,187,497,398,6,2,130,9050
1681363688069,32024,489,198,0,80.425,112.875,9077.971875,11900015,9050,9100,187,499,399,6,2,183,9050
1681363688069,32024,382,167,0,80.425,112.875,9077.971875,11900015,9050,9100,187,499,399,6,2,182,9050
1681363688069,32024,85,46,0,80.425,112.875,9077.971875,11900015,9050,9100,187,499,399,6,2,182,9050
1681363688069,181113,376,182,270,61.55,148.3,9127.865,111200043,9100,9150,187,499,399,6,2,140,9100
1681363688069,181111,134,337,0,64.975,140.715,9142.957125,111000041,9100,9150,187,499,399,6,1,50,9100
1681363688069,181111,313,351,0,64.975,140.715,9142.957125,111000041,9100,9150,187,499,399,6,1,49,9100
1681363688069,32058,372,120,270,83.55,109.75,9169.6125,11600013,9150,9200,187,473,398,6,2,147,9150
1681363688069,32029,108,74,90,87.2,105.65,9212.68,111100017,9200,9250,187,474,398,6,2,39,9200
1681363688069,32029,247,210,90,87.2,105.65,9212.68,111100017,9200,9250,187,499,399,6,1,92,9200
1681363688069,32029,423,123,90,87.2,105.65,9212.68,111100017,9200,9250,187,499,399,6,2,39,9200
1681363688069,32029,275,321,90,87.2,105.65,9212.68,111100017,9200,9250,187,499,399,6,1,91,9200
1681363688069,171007,15,118,270,64.825,142.85,9260.25125,11900036,9250,9300,187,499,399,6,2,5,9250
1681363688069,171007,63,345,270,64.825,142.85,9260.25125,11900036,9250,9300,187,499,399,6,1,21,9250
1681363688069,171007,201,260,270,64.825,142.85,9260.25125,11900036,9250,9300,187,499,399,6,1,21,9250
1681363688069,32060,315,85,90,84.95,109.6,9310.52,11800015,9300,9350,187,474,398,6,2,124,9300
1681363688069,171025,403,195,90,63.15,148.4,9371.46,11200030,9350,9400,187,497,398,6,2,151,9350
1681363688069,129001,400,215,0,70.95,132.4,9393.78,11200029,9350,9400,187,497,398,6,1,150,9350
1681363688069,32052,494,182,180,81.6,114.65,9355.44,11200009,9350,9400,187,497,399,6,2,185,9350
1681363688069,32052,124,246,180,81.6,114.65,9355.44,11200009,9350,9400,187,499,399,6,1,46,9350
1681363688069,179002,309,336,90,74.95,125.1,9376.245,111100039,9350,9400,187,499,399,6,1,115,9350
1681363688069,182011,21,352,180,90,104.75,9427.5,111000045,9400,9450,187,499,399,6,1,7,9400
1681363688069,32057,72,386,0,86.65,109.5,9488.175,11500012,9450,9500,187,499,399,6,1,26,9450
1681363688069,32057,224,335,0,86.65,109.5,9488.175,11500012,9450,9500,187,499,399,6,1,26,9450
1681363688069,32047,246,246,270,81.55,116.85,9529.1175,112500027,9500,9550,187,499,399,6,1,92,9500
1681363688069,32039,387,367,0,87.45,108.65,9501.4425,111800022,9500,9550,187,499,399,6,1,145,9500
1681363688069,32016,251,393,0,83.85,113.75,9537.9375,11700013,9500,9550,187,499,399,6,1,94,9500
1681363688069,32047,204,182,270,81.55,116.85,9529.1175,112500027,9500,9550,187,499,399,6,2,76,9500
1681363688069,32014,346,221,90,85.4,112.05,9569.07,11500011,9550,9600,187,474,398,6,1,136,9550
1681363688069,32014,153,133,90,85.4,112.05,9569.07,11500011,9550,9600,187,497,398,6,2,58,9550
1681363688069,32056,383,58,0,86.65,110.5,9574.825,11400011,9550,9600,187,497,398,6,2,144,9550
1681363688069,32014,163,382,90,85.4,112.05,9569.07,11500011,9550,9600,187,499,399,6,1,135,9550
1681363688069,32056,83,73,0,86.65,110.5,9574.825,11400011,9550,9600,187,499,399,6,2,143,9550
1681363688069,32014,424,189,90,85.4,112.05,9569.07,11500011,9550,9600,187,499,399,6,2,58,9550
1681363688069,32056,403,345,0,86.65,110.5,9574.825,11400011,9550,9600,187,499,399,6,1,151,9550
1681363688069,32056,91,255,0,86.65,110.5,9574.825,11400011,9550,9600,187,499,399,6,1,150,9550
1681363688069,181068,90,193,0,67.85,141.65,9610.9525,11600036,9600,9650,187,497,398,6,2,33,9600
1681363688069,32015,184,243,0,83.85,114.6,9609.21,11600012,9600,9650,187,499,399,6,1,68,9600
1681363688069,32015,9,339,0,83.85,114.6,9609.21,11600012,9600,9650,187,499,399,6,1,67,9600
1681363688069,32015,69,77,0,83.85,114.6,9609.21,11600012,9600,9650,187,499,399,6,2,25,9600
1681363688069,181068,211,9,0,67.85,141.65,9610.9525,11600036,9600,9650,187,499,399,6,2,32,9600
1681363688069,32041,318,342,180,83.3,116.15,9675.295,112100024,9650,9700,187,473,398,6,1,125,9650
1681363688069,181070,428,216,270,65.25,148.35,9679.8375,11800038,9650,9700,187,499,399,6,1,160,9650
1681363688069,32041,21,175,180,83.3,116.15,9675.295,112100024,9650,9700,187,499,399,6,2,7,9650
1681363688069,32041,167,296,180,83.3,116.15,9675.295,112100024,9650,9700,187,499,399,6,1,124,9650
1681363688069,39002,224,302,270,69.75,140.2,9778.95,11300023,9750,9800,187,497,399,6,1,84,9800
1681363688069,32043,490,315,180,89.05,110.15,9808.8575,112200025,9800,9850,187,497,398,6,1,184,9800
1681363688069,31026,423,160,90,66.25,148.35,9828.1875,11100002,9800,9850,187,499,399,6,2,158,9800
1681363688069,32043,319,193,180,89.05,110.15,9808.8575,112200025,9800,9850,187,499,399,6,2,119,9800
1681363688069,31026,323,288,90,66.25,148.35,9828.1875,11100002,9800,9850,187,499,399,6,1,121,9800
1681363688069,32012,334,231,180,89.05,111.25,9906.8125,11300009,9900,9950,187,472,398,6,1,132,9900
1681363688069,172001,56,138,180,82.5,120.6,9949.5,111000038,9900,9950,187,497,398,6,2,21,9900
1681363688069,32012,204,367,180,89.05,111.25,9906.8125,11300009,9900,9950,187,497,398,6,1,131,9900
1681363688069,32040,164,36,0,87.45,113.25,9903.7125,111900023,9900,9950,187,499,399,6,2,61,9900
1681363688069,32040,121,213,0,87.45,113.25,9903.7125,111900023,9900,9950,187,499,399,6,1,45,9900
1681363688069,32012,142,253,180,89.05,111.25,9906.8125,11300009,9900,9950,187,499,399,6,1,131,9900
1681363688069,32033,443,155,180,90.8,109.6,9951.68,111200018,9950,10000,187,499,399,6,2,166,9950
1681363688069,39000,389,140,270,71.55,140.2,10031.31,11200022,10000,10050,187,499,399,6,2,145,10000
1681363688069,33013,16,88,270,86.5,117.1,10129.15,112600029,10100,10150,187,499,399,6,2,3,10100
1681363688069,33013,158,219,270,86.5,117.1,10129.15,112600029,10100,10150,187,499,399,6,1,59,10100
1681363688069,32059,432,290,180,90.8,111.3,10106.04,11700014,10100,10150,187,499,399,6,1,161,10100
1681363688069,32036,201,169,270,92,110.35,10152.2,111400020,10150,10200,187,499,399,6,2,73,10150
1681363688069,39010,49,78,270,73.35,140.2,10283.67,11900029,10250,10300,187,499,399,6,2,18,10250
1681363688069,39010,437,285,270,73.35,140.2,10283.67,11900029,10250,10300,187,499,399,6,1,163,10250
1681363688069,32007,400,306,270,91.4,113.4,10364.76,11100007,10350,10400,187,499,399,6,1,149,10350
1681363688069,32007,292,147,270,91.4,113.4,10364.76,11100007,10350,10400,187,499,399,6,2,109,10350
1681363688069,32007,277,171,270,91.4,113.4,10364.76,11100007,10350,10400,187,499,399,6,2,109,10350
1681363688069,172000,245,35,180,86.775,120,10413,11900037,10400,10450,187,499,399,6,2,91,10400
1681363688069,32005,462,330,180,84.65,123.5,10454.275,112500026,10450,10500,187,474,398,6,1,182,10450
1681363688069,32025,363,378,180,89.6,116.8,10465.28,111000016,10450,10500,187,497,398,6,1,137,10450
1681363688069,32025,305,234,180,89.6,116.8,10465.28,111000016,10450,10500,187,499,399,6,1,137,10450
1681363688069,171013,226,219,180,76.3,139.8,10666.74,111300040,10650,10700,187,499,399,6,1,82,10650
1681363688069,3141000,496,308,180,83.7,129.4,10830.78,11800029,10800,10850,187,499,399,6,1,185,10800
